0.000000000000000000e+00 0.000000000000000000e+00 -5.500000000000000000e+00 0.000000000000000000e+00 -5.548680073219678377e-01 -6.232619371346621584e+00 2.406041379075390951e-01 9.142307420073011448e-01 -5.278016564034524016e+00 1.319299227838063304e-01
1.000000000000000000e+00 -8.035647940243310916e-02 -5.345802866701298228e+00 2.842036211596126738e-01 -9.757864474882582684e-02 -6.180499358097625517e+00 7.375083357517312477e-01 5.825672480954893206e-01 -4.686608331122030791e+00 1.153999014651264365e-01
2.000000000000000000e+00 -1.649306629836067295e-01 -5.189417024525831756e+00 5.653450398226965712e-01 3.579322812833279910e-01 -5.799714731515344113e+00 1.071952432540031364e+00 -1.979125801038095211e-03 -4.353389435344020342e+00 1.446258143804947660e-01
3.000000000000000000e+00 -2.542646458693123557e-01 -5.030604006616364643e+00 8.429002176070037322e-01 6.065053237603055258e-01 -5.179197637726288050e+00 1.216390501519978962e+00 -6.481431606644600940e-01 -4.346692999084038611e+00 3.141039909195513236e-01
4.000000000000000000e+00 -3.490198449135093473e-01 -4.869082554508898042e+00 1.116200239779463255e+00 5.220666554801368653e-01 -4.501616831633499238e+00 1.209352004892158217e+00 -1.145247799974417280e+00 -4.605213199416179570e+00 6.702248962654104858e-01
5.000000000000000000e+00 -4.500148436606883351e-01 -4.704518686725335463e+00 1.384374279589310364e+00 1.048531636612796136e-01 -3.971899315378714324e+00 1.143770141681771380e+00 -1.344473453468888691e+00 -4.961021737500526996e+00 1.192932433894590583e+00
6.000000000000000000e+00 -5.582789313705216472e-01 -4.536513705649355188e+00 1.646262647573713656e+00 -5.205728170540750988e-01 -3.736002374669891601e+00 1.136105948199253923e+00 -1.215751015455234896e+00 -5.204806355312412869e+00 1.799935654493059367e+00
7.000000000000000000e+00 -6.751291113562795099e-01 -4.364590815869486384e+00 1.900279945190588071e+00 -1.155750142582390172e+00 -3.821412335106017188e+00 1.286716124240689263e+00 -8.582449888096703727e-01 -5.168578783289181189e+00 2.372055234569782289e+00
8.000000000000000000e+00 -8.022822331539261054e-01 -4.188183444170086034e+00 2.144192036433379300e+00 -1.607739790817018344e+00 -4.122855925080438411e+00 1.644721879113647311e+00 -4.602236881359207388e-01 -4.794085786830554419e+00 2.791013729745161598e+00
9.000000000000000000e+00 -9.420182660428966237e-01 -4.006635436768410052e+00 2.374738914862313699e+00 -1.766844389659008252e+00 -4.439671094996074707e+00 2.188615341654209345e+00 -2.235242020527599127e-01 -4.160323972610521004e+00 2.976939972617649310e+00
1.000000000000000000e+01 -1.097410027175945491e+00 -3.819243982993319797e+00 2.586974218254781022e+00 -1.652278034497913328e+00 -4.551863354339941381e+00 2.827578356162320006e+00 -2.813370825920348262e-01 -3.458959149232063268e+00 2.913654165113735317e+00
1.100000000000000000e+01 -1.272601935323989464e+00 -3.625436969182771918e+00 2.773082354369293512e+00 -1.406523941189172788e+00 -4.308182143328426861e+00 3.419939311915445757e+00 -6.407369610877999833e-01 -2.925801774479176220e+00 2.655791056032369202e+00
1.200000000000000000e+01 -1.472941145950462216e+00 -3.425352714199497495e+00 2.920310838557080402e+00 -1.233810465614469054e+00 -3.698856723204937857e+00 3.798099010486958527e+00 -1.174548917192562492e+00 -2.750094896989331072e+00 2.322407035162709299e+00
1.300000000000000000e+01 -1.704025769137395674e+00 -3.221530242010278933e+00 3.008018503249062725e+00 -1.284288506160488286e+00 -2.899602563804727584e+00 3.797121284940926600e+00 -1.684718513922986993e+00 -2.978431687982697085e+00 2.089851675855595836e+00
1.400000000000000000e+01 -1.966694535649836428e+00 -3.022805826319253875e+00 3.007365403235655155e+00 -1.507178857973157760e+00 -2.263180169747309733e+00 3.345469239130762773e+00 -2.071337083725359740e+00 -3.417904678832924148e+00 2.149783434048660791e+00
1.500000000000000000e+01 -2.245817891123513821e+00 -2.847579479741510156e+00 2.897215991816413982e+00 -1.690949883801545983e+00 -2.114960108394888572e+00 2.656611853908874998e+00 -2.476599575893764893e+00 -3.676261793791316457e+00 2.494071555719792332e+00
1.600000000000000000e+01 -2.512209158106883056e+00 -2.712655121352766319e+00 2.693712455747784507e+00 -1.827755232847506850e+00 -2.429842850409646093e+00 2.098699814200542413e+00 -2.997554351586224186e+00 -3.518729342078988687e+00 2.824801714831485899e+00
1.700000000000000000e+01 -2.750143766105058951e+00 -2.617214527856958739e+00 2.435609354341859767e+00 -2.100702761309250821e+00 -2.931398463466463156e+00 1.817535866886901941e+00 -3.472699119215291841e+00 -3.011937235854072803e+00 2.909537350437439329e+00
1.800000000000000000e+01 -2.961091989754980780e+00 -2.551331010698743462e+00 2.149741953305655429e+00 -2.596528236838757220e+00 -3.336571626548563874e+00 1.758602022744438775e+00 -3.715179260788629811e+00 -2.360370344155454436e+00 2.695073422687688236e+00
1.900000000000000000e+01 -3.150726656897375300e+00 -2.506440297971396003e+00 1.849105377526351290e+00 -3.245355602832436404e+00 -3.450012167941442165e+00 1.792382465114795709e+00 -3.659223634139057602e+00 -1.802246364284221247e+00 2.233867288185729105e+00
2.000000000000000000e+01 -3.323915298609752433e+00 -2.476824012228630245e+00 1.539886373554571586e+00 -3.878783305931719827e+00 -3.209443383575251829e+00 1.780490511462110348e+00 -3.376655677103729492e+00 -1.533427423204801743e+00 1.638483170127877031e+00
2.100000000000000000e+01 -3.484207108524008945e+00 -2.458748048490503990e+00 1.225270022293253547e+00 -4.314420278925398478e+00 -2.696580470874987867e+00 1.621100580177308625e+00 -3.037654602424161077e+00 -1.640702791540732619e+00 1.041170003613384409e+00
2.200000000000000000e+01 -3.634146220061943211e+00 -2.449699479954436043e+00 9.070408342498498255e-01 -4.436381626584513072e+00 -2.101057147530761782e+00 1.277671211531242967e+00 -2.838653869403386487e+00 -2.071425620708001514e+00 5.512307620841893074e-01
2.300000000000000000e+01 -3.775587060088115177e+00 -2.447920930242526882e+00 5.862732956754391767e-01 -4.245621117165246261e+00 -1.646352633140857780e+00 7.838998380960934265e-01 -2.922688911356493779e+00 -2.654178343373427840e+00 2.222367213882917580e-01
2.400000000000000000e+01 -3.909914253025629893e+00 -2.452138448736622234e+00 2.636533345340846823e-01 -3.862781229962983343e+00 -1.504121594888826241e+00 2.243783684933248479e-01 -3.321607227702733312e+00 -3.163801536733237274e+00 4.020201290262218063e-02
2.500000000000000000e+01 -4.038186762308538569e+00 -2.461399228539233874e+00 -6.035995540826721850e-02 -3.483318754986571175e+00 -1.728779857192612290e+00 -3.009640933158061471e-01 -3.942007862615149349e+00 -3.406511042352585505e+00 -6.400394281296853394e-02
2.600000000000000000e+01 -4.161232407224185970e+00 -2.474971412468301768e+00 -3.854472017962050634e-01 -3.302641342739684127e+00 -2.236879180626992536e+00 -7.150431258064913198e-01 -4.600232357926382853e+00 -3.292947523155502321e+00 -1.837193513924759991e-01
2.700000000000000000e+01 -4.244340125442391809e+00 -2.486682558073405325e+00 -6.127650966895572537e-01 -3.379838696101565176e+00 -1.829321856077091635e+00 -4.941488140485112979e-01 -5.306473008815581593e+00 -2.336391758801847462e+00 -8.197500594203575019e-01
2.800000000000000000e+01 -4.173904932262621159e+00 -2.474613820026405175e+00 -9.290767750207287179e-01 -3.854798468337747863e+00 -1.429914887224694509e+00 -9.108652112402850776e-01 -5.111562541313340091e+00 -2.992310725049187159e+00 -1.144353327039581814e+00
2.900000000000000000e+01 -4.080139588508604476e+00 -2.461980506830605542e+00 -1.239250428011093419e+00 -4.406486848996294725e+00 -1.434601624001328180e+00 -1.416865744573740926e+00 -4.542034012638804796e+00 -3.447155673470773340e+00 -1.337426604204456027e+00
3.000000000000000000e+01 -3.963568086657277334e+00 -2.448673408024245823e+00 -1.541563631218433983e+00 -4.779439579697797313e+00 -1.836403730959269121e+00 -1.932762461272393040e+00 -3.799102181006109191e+00 -3.519894419721383283e+00 -1.403749323206163524e+00
3.100000000000000000e+01 -3.824844877528619236e+00 -2.434587897010462409e+00 -1.834338284109573891e+00 -4.792562011775046926e+00 -2.474380432112961437e+00 -2.339803528721894565e+00 -3.135139341944640279e+00 -3.177307232950581373e+00 -1.426622806804029864e+00
3.200000000000000000e+01 -3.664745642643968182e+00 -2.419623847352463830e+00 -2.115947879422275690e+00 -4.410296867215127037e+00 -3.096097985409106634e+00 -2.540321675416993941e+00 -2.747834655141408788e+00 -2.546581204088875783e+00 -1.535679740208529154e+00
3.300000000000000000e+01 -3.484169429263607398e+00 -2.403685932157060279e+00 -2.384829846259833630e+00 -3.749223784947192328e+00 -3.455381535626570244e+00 -2.516119583753145150e+00 -2.702364602006765537e+00 -1.865810676310356353e+00 -1.843508115681110837e+00
3.400000000000000000e+01 -3.284124637914153766e+00 -2.386681621175995804e+00 -2.639491263147064615e+00 -3.020145056439986320e+00 -3.407404406166937960e+00 -2.353140604537628633e+00 -2.913857606721483862e+00 -1.391728005712406624e+00 -2.381567674664552214e+00
3.500000000000000000e+01 -3.065733893587294645e+00 -2.368529259214537941e+00 -2.878521187293774375e+00 -2.433999287689616153e+00 -2.964365741107789720e+00 -2.215613320195050306e+00 -3.194594670076316589e+00 -1.300486285852515023e+00 -3.068874170400562207e+00
3.600000000000000000e+01 -2.830217981146317285e+00 -2.349149323097353026e+00 -3.100592997283666108e+00 -2.114611871148564859e+00 -2.290385776023546427e+00 -2.277178969816201715e+00 -3.341653061429317617e+00 -1.619846096678854819e+00 -3.733131798942103785e+00
3.700000000000000000e+01 -2.578894992001313113e+00 -2.328471428887433525e+00 -3.304477009362255302e+00 -2.055993079980808602e+00 -1.637819687817442915e+00 -2.638797349104940793e+00 -3.223986744771682567e+00 -2.218824191182450001e+00 -4.179343143346375911e+00
3.800000000000000000e+01 -2.313172975852719304e+00 -2.306432810991960292e+00 -3.489045026063916310e+00 -2.139824347235805391e+00 -1.249797613821554521e+00 -3.272181907234799070e+00 -2.830556153104090811e+00 -2.858545961854780160e+00 -4.277107194801640588e+00
3.900000000000000000e+01 -2.034538747296601002e+00 -2.282975586984405059e+00 -3.653277280757681211e+00 -2.200663757867577175e+00 -1.266685953367196804e+00 -4.018126322918945448e+00 -2.261043838067754663e+00 -3.284442476486079343e+00 -4.026526743754740068e+00
4.000000000000000000e+01 -1.744551052323966900e+00 -2.258052251156173806e+00 -3.796265106759239671e+00 -2.105433685175430725e+00 -1.672435433617682099e+00 -4.645013285137423509e+00 -1.668063044271889339e+00 -3.324119481189316438e+00 -3.569977024855468528e+00
4.100000000000000000e+01 -1.444834415409275152e+00 -2.231623230457816742e+00 -3.917221944976315484e+00 -1.809394247912553766e+00 -2.301233928804655715e+00 -4.944746417883333578e+00 -1.181625560239615069e+00 -2.953256965105271359e+00 -3.140355301915203512e+00
4.200000000000000000e+01 -1.137063931692887664e+00 -2.203656063584054525e+00 -4.015483563872180639e+00 -1.364402090049502192e+00 -2.901591073824303813e+00 -4.824656593346695388e+00 -8.528130425212818722e-01 -2.304413016742824727e+00 -2.965433145093488321e+00
4.300000000000000000e+01 -8.229653533488843209e-01 -2.174129230817114955e+00 -4.090510139090756780e+00 -8.796331567331208134e-01 -3.232959186967455434e+00 -4.353612786215933284e+00 -6.420137104858785193e-01 -1.615684320538615326e+00 -3.169123840726051355e+00
4.400000000000000000e+01 -5.042933868358723259e-01 -2.143027463741513206e+00 -4.141895792424197253e+00 -4.579805165944055290e-01 -3.157718598876939620e+00 -3.739635722246237748e+00 -4.538112072837012789e-01 -1.139212049105515767e+00 -3.713684389780805617e+00
4.500000000000000000e+01 -1.828330609775665749e-01 -2.110344340661352902e+00 -4.169363755268204130e+00 -1.420714813663970233e-01 -2.693367498244481961e+00 -3.246336880271385894e+00 -1.974213027452105251e-01 -1.044778508509409010e+00 -4.410014460368905986e+00
4.600000000000000000e+01 1.396176158923339017e-01 -2.076085825044632571e+00 -4.172771632155807708e+00 1.027296038998759542e-01 -2.005251033562603258e+00 -3.083194587765213157e+00 1.602755390221268783e-01 -1.355316740667593667e+00 -4.993516605093962113e+00
4.700000000000000000e+01 4.612529555168354278e-01 -2.040261849521719739e+00 -4.152113655818180149e+00 3.609719229152528186e-01 -1.342946410759775944e+00 -3.317097692839869438e+00 5.769739528800457151e-01 -1.938748748127070431e+00 -5.233713811372673774e+00
4.800000000000000000e+01 7.802732567169883282e-01 -2.002894714798169495e+00 -4.107516366150370857e+00 7.114171796818880011e-01 -9.449138818680760110e-01 -3.843901496194440881e+00 9.612523517499429460e-01 -2.558887805707101837e+00 -5.030378530993843356e+00
4.900000000000000000e+01 1.094893521728923957e+00 -1.964012902790929438e+00 -4.039240267976456522e+00 1.173788049569080449e+00 -9.478628700077948999e-01 -4.432649338138439532e+00 1.228358871063853108e+00 -2.965684892707754372e+00 -4.454449387712489994e+00
5.000000000000000000e+01 1.403353450802518054e+00 -1.923655877147733229e+00 -3.947679580030438728e+00 1.687725680134823492e+00 -1.335241403013262218e+00 -4.823155573429247056e+00 1.355072904943323664e+00 -2.990263747025514895e+00 -3.716223474089552781e+00
5.100000000000000000e+01 1.703926414190756411e+00 -1.881868748000910863e+00 -3.833358488150246046e+00 2.137161763678019355e+00 -1.944133437861122360e+00 -4.834351200128342185e+00 1.403007876444757329e+00 -2.608696708839568057e+00 -3.075251707227582898e+00
5.200000000000000000e+01 1.994929104728266900e+00 -1.838706944883974792e+00 -3.696926787344960275e+00 2.409587534304014511e+00 -2.527585336895526336e+00 -4.436562412507345954e+00 1.495399931765456714e+00 -1.950519220570367862e+00 -2.731770746321064536e+00
5.300000000000000000e+01 2.274734012938829153e+00 -1.794230833694089977e+00 -3.539159253623012091e+00 2.460603530500107716e+00 -2.848432693482585432e+00 -3.757488110316330676e+00 1.756364563168055781e+00 -1.249131864032761774e+00 -2.746873775424337083e+00
5.400000000000000000e+01 2.541775234475597500e+00 -1.748512121530501506e+00 -3.360950821992375381e+00 2.349589608726388335e+00 -2.768975370219998400e+00 -3.021428557795367453e+00 2.241869949949717444e+00 -7.531772391940907418e-01 -3.024911172402010351e+00
5.500000000000000000e+01 2.794557528478300412e+00 -1.701624432785969532e+00 -3.163309794103611239e+00 2.224991244346012920e+00 -2.302669399546352746e+00 -2.450641320370735343e+00 2.897985071392112033e+00 -6.325740537439323852e-01 -3.363285395762638075e+00
5.600000000000000000e+01 3.031666139436269169e+00 -1.653653181162381358e+00 -2.947352087222725459e+00 2.261979216679053550e+00 -1.608566682684064997e+00 -2.173333280427634406e+00 3.570492122929458390e+00 -9.146778480962893809e-01 -3.544964113268431305e+00
5.700000000000000000e+01 3.251774318180513212e+00 -1.604685353813762649e+00 -2.714297759904724217e+00 2.579442326079943726e+00 -9.308925420666518402e-01 -2.178079994761681348e+00 4.065883511766712033e+00 -1.474453904157905226e+00 -3.431111992010201561e+00
5.800000000000000000e+01 3.453648787303834844e+00 -1.554816047400952250e+00 -2.465463049005936824e+00 3.175454143602342683e+00 -5.067980968764520533e-01 -2.331957979273639125e+00 4.238226182789448515e+00 -2.082083355173927952e+00 -3.013170921069910690e+00
5.900000000000000000e+01 3.636160506167594342e+00 -1.504145035230466387e+00 -2.202248866202246802e+00 3.914057021978882389e+00 -4.771091901425110748e-01 -2.450296314764848660e+00 4.061988644479411548e+00 -2.489824013821801518e+00 -2.403900486525596847e+00
6.000000000000000000e+01 3.798285952614481431e+00 -1.452776189947221130e+00 -1.926140952678089491e+00 4.573680175141991100e+00 -8.336083579558337675e-01 -2.383253098369980449e+00 3.655059647723067684e+00 -2.525331331325340489e+00 -1.775580015644234066e+00
6.100000000000000000e+01 3.939119338972592921e+00 -1.400817637188974674e+00 -1.638693273535995587e+00 4.938847002771799666e+00 -1.422492868386067588e+00 -2.078728135210759831e+00 3.237630293992287633e+00 -2.156346723259555898e+00 -1.277244902344516930e+00
6.200000000000000000e+01 4.057870134997694223e+00 -1.348379597995638113e+00 -1.341527560645086936e+00 4.895546863160705975e+00 -2.002521239542268017e+00 -1.594414147094017409e+00 3.041898430792416619e+00 -1.502601701616278707e+00 -9.706185241104563488e-01
6.300000000000000000e+01 4.153872976104117321e+00 -1.295577583972074454e+00 -1.036314856804715134e+00 4.486941150577050230e+00 -2.335859212801181695e+00 -1.057185302174424635e+00 3.211076799808679993e+00 -7.906140669399637222e-01 -8.133693481030022099e-01
6.400000000000000000e+01 4.226590997198373501e+00 -1.242525597483450595e+00 -7.247742319180936477e-01 3.902410385981260887e+00 -2.277482923614617238e+00 -5.931412810117002721e-01 3.732766321691682876e+00 -2.684843321169823049e-01 -6.941532784220783014e-01
6.500000000000000000e+01 4.275614633883096261e+00 -1.189342632076348494e+00 -4.086617237240801614e-01 3.402218336592404135e+00 -1.829621756642258790e+00 -2.645208095566609074e-01 4.437792177392646309e+00 -1.127055655609758844e-01 -4.987040179772819215e-01
6.600000000000000000e+01 4.300669910406131891e+00 -1.136146046750778682e+00 -8.975451346056928514e-02 3.209116447877862655e+00 -1.140878061435501634e+00 -4.454013536500056603e-02 5.067089617644072952e+00 -3.619430765527651417e-01 -1.720232253009825740e-01
6.700000000000000000e+01 4.301615192194687687e+00 -1.083054018283384767e+00 2.301518017858725784e-01 3.413779533844923719e+00 -4.504108781811475559e-01 1.589650796375607911e-01 5.378822736285547634e+00 -9.025855547542607216e-01 2.548879916132698042e-01
6.800000000000000000e+01 4.278443065240605137e+00 -1.030183096131088494e+00 5.492549772326071889e-01 3.935540904255990569e+00 1.881341559305305111e-03 4.452543081199102915e-01 5.249595576817892351e+00 -1.511453360154860759e+00 6.863606499110801451e-01
6.900000000000000000e+01 4.231282982442584384e+00 -9.776519356541761852e-01 8.657605793053555487e-01 4.555917887378866382e+00 6.548166946742339789e-02 8.593886163404889089e-01 4.725776250069124274e+00 -1.939680911213161218e+00 1.019165133549865487e+00
7.000000000000000000e+01 4.160396395858567686e+00 -9.255728942725451880e-01 1.177885945492143094e+00 5.010424422508868325e+00 -2.641137635435737430e-01 1.360865605627548547e+00 4.002738562175258252e+00 -2.006305525960278224e+00 1.204675981580081157e+00
7.100000000000000000e+01 4.066178376987537035e+00 -8.740587465279494594e-01 1.483874406952974567e+00 5.098647674768764126e+00 -8.435722109296091009e-01 1.839731445467531756e+00 3.341537923868305171e+00 -1.666471616790645704e+00 1.282543774414879323e+00
7.200000000000000000e+01 3.949156421424579122e+00 -8.232181374527214324e-01 1.782002352463088357e+00 4.765027316792619594e+00 -1.435486576478236742e+00 2.173200850785370619e+00 2.959805473918036611e+00 -1.028559056917604408e+00 1.366578260485720619e+00
7.300000000000000000e+01 3.809980879199050818e+00 -7.731552798527387971e-01 2.070591570614343624e+00 4.116319449507124695e+00 -1.797657139345516075e+00 2.294438564964167426e+00 2.944255164817702664e+00 -3.136900863803280259e-01 1.587925790340602106e+00
7.400000000000000000e+01 3.649431190602774322e+00 -7.239716216291505191e-01 2.348015908229818649e+00 3.370231026414604258e+00 -1.774405125740333489e+00 2.237598730616916498e+00 3.221688676403807960e+00 2.273321081799855037e-01 2.023031821037882594e+00
7.500000000000000000e+01 3.468403241798020176e+00 -6.757626650692931669e-01 2.612711806133340531e+00 2.759886270015837972e+00 -1.355541010360401089e+00 2.133691155481525215e+00 3.598697765070290266e+00 4.085120778869550939e-01 2.643165538292358008e+00
7.600000000000000000e+01 3.267907399064458929e+00 -6.286180301293082806e-01 2.863187633591671499e+00 2.437264087020171388e+00 -6.806436665821165022e-01 2.155458576300837592e+00 3.849835646290611813e+00 1.790251477254738433e-01 3.313330441755844902e+00
7.700000000000000000e+01 3.049063979620584952e+00 -5.826231899694167549e-01 3.098031400283016268e+00 2.417329373722906460e+00 1.321355074288055320e-02 2.435124499110120411e+00 3.813611596129773851e+00 -3.572200987518421300e-01 3.845170950263259613e+00
7.800000000000000000e+01 2.813096673775358880e+00 -5.378550878389245504e-01 3.315917864054355846e+00 2.584665291634597573e+00 4.807849121062464093e-01 2.993819185645136827e+00 3.454190161147431937e+00 -9.804165871961560974e-01 4.081878690989903191e+00
7.900000000000000000e+01 2.561323230918723937e+00 -4.943852741672558615e-01 3.515616618435718266e+00 2.755479069201461684e+00 5.614648200899439168e-01 3.718203485363925864e+00 2.864123670444611136e+00 -1.437732152709242373e+00 3.976012361257065919e+00
8.000000000000000000e+01 2.295149479345738541e+00 -4.522767614884242171e-01 3.695999532129167875e+00 2.763576644875051613e+00 2.404305899219147946e-01 4.399055736125156102e+00 2.211278648227287924e+00 -1.539051029669779469e+00 3.622225625553877393e+00
8.100000000000000000e+01 2.016062917692754475e+00 -4.115858757012587077e-01 3.856045386157227028e+00 2.530042302429615475e+00 -3.452151219802370719e-01 4.817802448258156289e+00 1.658050512651200847e+00 -1.229373798776262072e+00 3.226278695902784932e+00
8.200000000000000000e+01 1.725624769008492265e+00 -3.723615036479026585e-01 3.994847954461555162e+00 2.086507401859953426e+00 -9.579783211863936998e-01 4.843596132839738999e+00 1.291746991072988848e+00 -6.102414804048250652e-01 3.020825823609857963e+00
8.300000000000000000e+01 1.425455456976786550e+00 -3.346430634058643605e-01 4.111619601149097747e+00 1.545408601215463307e+00 -1.349931702365384734e+00 4.496792070828565357e+00 1.097146954282361975e+00 9.825327927498328506e-02 3.163795458628403168e+00
8.400000000000000000e+01 1.117234861568912940e+00 -2.984618735437130077e-01 4.205694753211560055e+00 1.035974334712808975e+00 -1.357093530253544067e+00 3.948298213303065296e+00 9.802938973236825504e-01 6.407983776812118393e-01 3.664775950644596492e+00
8.500000000000000000e+01 8.026836081078965179e-01 -2.638412453702576599e-01 4.276536136900599416e+00 6.397304954092515317e-01 -9.622977199894133804e-01 3.452424035817621473e+00 8.274861812284974860e-01 8.240444789199314890e-01 4.373719018964319361e+00
8.600000000000000000e+01 4.835608458631099893e-01 -2.307964710566867694e-01 4.323735809821336318e+00 3.573046092090716996e-01 -3.023372089784426286e-01 3.240916750573866523e+00 5.674113810433922822e-01 5.906478309520593051e-01 5.039107064365673239e+00
8.700000000000000000e+01 1.616485289280795712e-01 -1.993303178497107808e-01 4.347018094715114245e+00 1.208869493169064668e-01 3.836928397334196106e-01 3.423991219718292456e+00 2.047064071583353240e-01 4.171567189031488709e-02 5.411724803159536634e+00
8.800000000000000000e+01 -1.612529436735936628e-01 -1.694420332582140531e-01 4.346240957115835357e+00 -1.571513971489384431e-01 8.454677868470104052e-01 3.941893149163217203e+00 -1.906372452674354179e-01 -6.012485382531729261e-01 5.349354986082573760e+00
8.900000000000000000e+01 -4.833396767023447893e-01 -1.411179705334504320e-01 4.321397634559652090e+00 -5.272180839639872829e-01 9.172767446687366544e-01 4.588665869286980836e+00 -5.302456476505845728e-01 -1.080725897489934750e+00 4.876818570437063016e+00
9.000000000000000000e+01 -8.028117133268910521e-01 -1.143379746826940213e-01 4.272615241883631398e+00 -9.684838375626050322e-01 5.818933024287122890e-01 5.098066911139348178e+00 -7.640709487302110858e-01 -1.201793104901855758e+00 4.175173079097241668e+00
9.100000000000000000e+01 -1.117884311435695111e+00 -8.907141807616847373e-02 4.200153708969835975e+00 -1.396806113712960595e+00 -2.225000187921288841e-02 5.254332318914961775e+00 -9.152300054909048299e-01 -9.071766542375887532e-01 3.505033270413107971e+00
9.200000000000000000e+01 -1.426795633913538808e+00 -6.528066429073220434e-02 4.104406708879441368e+00 -1.711166923553223640e+00 -6.536954687912928108e-01 4.979882790799575076e+00 -1.072913793666749882e+00 -2.997451207094599113e-01 3.097753706324532175e+00
9.300000000000000000e+01 -1.727819051013405272e+00 -4.292034437501257571e-02 3.985899393376193700e+00 -1.854398614940734547e+00 -1.060478184210772223e+00 4.362873834407345441e+00 -1.345286683746538259e+00 3.965220373587765579e-01 3.061715534406918238e+00
9.400000000000000000e+01 -2.019274416667929728e+00 -2.193468655155328406e-02 3.845282501041371148e+00 -1.855313540587539833e+00 -1.077106772421412728e+00 3.614446589786211916e+00 -1.795950162601865685e+00 9.224071805134559376e-01 3.343385101583066898e+00
9.500000000000000000e+01 -2.299530376262598708e+00 -2.261851820390514689e-03 3.683329377890519396e+00 -1.827513428139607043e+00 -6.886007555584088280e-01 2.976438225656771408e+00 -2.397507851939970180e+00 1.083280968264568767e+00 3.757845289908566144e+00
9.600000000000000000e+01 -2.567023333223762194e+00 1.616656659032811305e-02 3.500935843251674839e+00 -1.921483848235819636e+00 -3.669592103741159406e-02 2.621140357613501948e+00 -3.028913836342901789e+00 8.244017383537136645e-01 4.072748222208229407e+00
9.700000000000000000e+01 -2.820257020630709377e+00 3.342665727442639678e-02 3.299108503218526778e+00 -2.250690736498423661e+00 6.344718828538544741e-01 2.586440995411475541e+00 -3.522317974616573366e+00 2.524715786439206688e-01 4.106998696624597045e+00
9.800000000000000000e+01 -3.057817367013070609e+00 4.960253622514398941e-02 3.078965693329436704e+00 -2.827267593667004419e+00 1.072469378872815682e+00 2.772131139976885095e+00 -3.740129785031355070e+00 -4.051446691730360428e-01 3.800914748303252821e+00
9.900000000000000000e+01 -3.278375999468945423e+00 6.478241675811347022e-02 2.841726108314205135e+00 -3.540758950829546947e+00 1.114192855674353666e+00 2.994863738816707865e+00 -3.646296727500098811e+00 -8.880257520261893855e-01 3.229473169441597236e+00
1.000000000000000000e+02 -3.480702801689137260e+00 7.906122014002381349e-02 2.588704996749711995e+00 -4.194430922606706247e+00 7.492085370327541405e-01 3.073525982604230933e+00 -3.335986741763631969e+00 -1.003351435917742229e+00 2.557130118925584839e+00
1.010000000000000000e+02 -3.663664974264527530e+00 9.253817467017144693e-02 2.321306522174616305e+00 -4.586574289965684059e+00 1.241327409628318890e-01 2.905085016521400831e+00 -3.005645285097184427e+00 -7.006591223084881470e-01 1.958809295691622765e+00
1.020000000000000000e+02 -3.826243095828427698e+00 1.053165315082766895e-01 2.041012451195101107e+00 -4.601636378663314986e+00 -5.138516308492002693e-01 2.498124685408317447e+00 -2.872897424600008520e+00 -9.160251099830984955e-02 1.545117643934197815e+00
1.030000000000000000e+02 -3.967526935898167295e+00 1.175056866316168680e-01 1.749379514355776877e+00 -4.269162595428067419e+00 -9.125950985575879137e-01 1.953007677335616421e+00 -3.080246440473171532e+00 5.931128603288273737e-01 1.325013394945745659e+00
1.040000000000000000e+02 -4.086729125327515533e+00 1.292154268669118977e-01 1.448027489320487859e+00 -3.761190570233571506e+00 -9.126882941322413956e-01 1.403113612228175100e+00 -3.626023294042038714e+00 1.093050696429833657e+00 1.219276048898517928e+00
1.050000000000000000e+02 -4.183184641550955263e+00 1.405608737837447109e-01 1.138629593950579277e+00 -3.325796349372563299e+00 -5.093346595925587472e-01 9.486878265376397223e-01 -4.355678444006262140e+00 1.219057069167748253e+00 1.113186278566409726e+00
1.060000000000000000e+02 -4.256354056049458379e+00 1.516569255427966390e-01 8.229036228454020829e-01 -3.183669774163663035e+00 1.456966897858680277e-01 6.158511018033223650e-01 -5.020280479446318722e+00 9.267269472367121175e-01 9.190146435583024243e-01
1.070000000000000000e+02 -4.305829086138432515e+00 1.626217395643272390e-01 5.026048025070082304e-01 -3.432431849155118897e+00 8.029007925831925796e-01 3.584649427867425686e-01 -5.378822736285545858e+00 3.337675513174436226e-01 6.164077482788137274e-01
1.080000000000000000e+02 -4.331336098085856179e+00 1.735722848130620832e-01 1.795124892352895074e-01 -4.001324038824019880e+00 1.211834385362117850e+00 9.789027427377661184e-02 -5.300434432886289571e+00 -3.255641633934742707e-01 2.520915807065442493e-01
1.090000000000000000e+02 -4.332732773278664240e+00 1.846282945933457320e-01 -1.445791722297080639e-01 -4.677429855975454132e+00 1.218320798750539780e+00 -2.234499351621828112e-01 -4.821585570976949953e+00 -7.912718114085883769e-01 -9.768578526552929020e-02
1.100000000000000000e+02 -4.310011697708688416e+00 1.959060595430521801e-01 -4.678689030311744546e-01 -5.193147315248870299e+00 8.242892782082194003e-01 -6.048468582864749976e-01 -4.132539604286879609e+00 -8.784313983870752907e-01 -3.792109619671570897e-01
1.110000000000000000e+02 -4.263303350335061026e+00 2.075220296404465259e-01 -7.885596081121271084e-01 -5.337460642313356374e+00 1.870226434177268970e-01 -9.868578244136010369e-01 -3.498333726337957472e+00 -5.488387051453251786e-01 -5.980433612929623166e-01
1.120000000000000000e+02 -4.192868157155290376e+00 2.195910265064910938e-01 -1.104870320517473914e+00 -5.042895244112969522e+00 -4.418684345885699472e-01 -1.287849892131550433e+00 -3.148405143324119138e+00 7.430193408781038400e-02 -8.193094869042845119e-01
1.130000000000000000e+02 -4.099101873708654864e+00 2.322240093362024638e-01 -1.415043884986509681e+00 -4.410855525038169134e+00 -8.139956636388234745e-01 -1.457360201789182241e+00 -3.182648180102994218e+00 7.543074029547689463e-01 -1.130266454760270989e+00
1.140000000000000000e+02 -3.982530371857327722e+00 2.455308493235173195e-01 -1.717358054119678457e+00 -3.665321243042454213e+00 -7.803791755408551190e-01 -1.516253530656648252e+00 -3.534060524120771873e+00 1.232863755287494811e+00 -1.584672462129148585e+00
1.150000000000000000e+02 -3.843807162728666071e+00 2.596163603373002893e-01 -2.010132707010818365e+00 -3.056397477050374789e+00 -3.489685860627718128e-01 -1.559392740398990895e+00 -4.002770585574129569e+00 1.330124568747453662e+00 -2.159459817177516783e+00
1.160000000000000000e+02 -3.683709209556782938e+00 2.745798326880173335e-01 -2.291742147634497684e+00 -2.756582589969266195e+00 3.187041473393952273e-01 -1.715506610839195645e+00 -4.344711104565291748e+00 1.014235556962412854e+00 -2.749498816135655943e+00
1.170000000000000000e+02 -3.503131714463656010e+00 2.905185840097468386e-01 -2.560623303235249892e+00 -2.794615340353951538e+00 9.702981673403163754e-01 -2.081602984315107818e+00 -4.374830337077373343e+00 4.134408499607982179e-01 -3.207607374358190100e+00
1.180000000000000000e+02 -3.303088204826966745e+00 3.075220588644844710e-01 -2.815285531359290161e+00 -3.053702232510971726e+00 1.360397570858800531e+00 -2.664234838435650232e+00 -4.039713438375727605e+00 -2.337516566243551530e-01 -3.413584115049022927e+00
1.190000000000000000e+02 -3.084696178787343257e+00 3.256752569522696206e-01 -3.054314644269190637e+00 -3.331572379984649501e+00 1.345308188135045491e+00 -3.359202880600161478e+00 -3.429835782057459426e+00 -6.708789933869760969e-01 -3.339472958746132036e+00
1.200000000000000000e+02 -2.849180266346365897e+00 3.450549342504092287e-01 -3.276387420184910582e+00 -3.432627465926985977e+00 9.382904051779132892e-01 -3.984353414565259044e+00 -2.729656091020054021e+00 -7.224860520775555628e-01 -3.077320438584543183e+00
1.210000000000000000e+02 -2.597857619221503711e+00 3.657319207869575983e-01 -3.480271189053155467e+00 -3.249775291579005909e+00 3.040833750188944862e-01 -4.354776414260328465e+00 -2.131457310724144349e+00 -3.615306813364904670e-01 -2.811605547611783606e+00
1.220000000000000000e+02 -2.332135261052766140e+00 3.877714463558019631e-01 -3.664839448965160784e+00 -2.800563366274698041e+00 -3.049355746884478968e-01 -4.367895741482474392e+00 -1.753549735170048862e+00 2.806333775726406188e-01 -2.744341882322295589e+00
1.230000000000000000e+02 -2.053501032496649614e+00 4.112289291824016146e-01 -3.829070737733097474e+00 -2.205032433909456913e+00 -6.460799930046912110e-01 -4.058620780134390316e+00 -1.599026193525327599e+00 9.652861848391305344e-01 -3.004432438932269633e+00
1.240000000000000000e+02 -1.763514277216636117e+00 4.361523365576776001e-01 -3.972059618181809526e+00 -1.620094589744223157e+00 -5.795778574322074661e-01 -3.596186741601730574e+00 -1.570367046644129516e+00 1.438441243138378844e+00 -3.582614039604479217e+00
1.250000000000000000e+02 -1.463796700609321988e+00 4.625810268899455124e-01 -4.093016367877559958e+00 -1.164351518534406438e+00 -1.218799254785540853e-01 -3.219921765125587143e+00 -1.528405081667012055e+00 1.528425647027646939e+00 -4.324012248450408435e+00
1.260000000000000000e+02 -1.156027498605700643e+00 4.905478752754715011e-01 -4.191276866158581527e+00 -8.694479924354805433e-01 5.611992571715105349e-01 -3.139404093788549233e+00 -1.364094576376320589e+00 1.211446435658077192e+00 -4.985361935775987519e+00
1.270000000000000000e+02 -8.419276385489329328e-01 5.200750265306472997e-01 -4.266304561992001254e+00 -6.789745258502897229e-01 1.218531759968848771e+00 -3.442191494983195099e+00 -1.047575896557518149e+00 6.201959469090185806e-01 -5.334592802064697992e+00
1.280000000000000000e+02 -5.232566117285433194e-01 5.511773827913843959e-01 -4.317689337920942450e+00 -4.915386323580097638e-01 1.610083708514888023e+00 -4.050730044665588281e+00 -6.322676456056335326e-01 -7.486437281837510227e-03 -5.250195891779007695e+00
1.290000000000000000e+02 -2.017953461776151869e-01 5.838601755054542153e-01 -4.345157212243623945e+00 -2.229399552389299544e-01 1.598598890837675590e+00 -4.749402232620568043e+00 -2.153020489235899504e-01 -4.198844339066383213e-01 -4.776285325118550418e+00
1.300000000000000000e+02 1.206543909996646846e-01 6.181187626692192794e-01 -4.348566143578381116e+00 1.459876941097810743e-01 1.201590051881765930e+00 -5.271862174853382044e+00 1.224627800612552164e-01 -4.475333968432702036e-01 -4.107863319398084911e+00
1.310000000000000000e+02 4.422897306241662108e-01 6.539427381921321114e-01 -4.327908167240750004e+00 5.606692007697411384e-01 5.840579258239233518e-01 -5.411724803159536634e+00 3.640084908797103225e-01 -6.749759416381806432e-02 -3.511236248497851875e+00
1.320000000000000000e+02 7.613109715169397163e-01 6.913095425495927593e-01 -4.283310789051611778e+00 9.269834377727974584e-01 -4.920826888442420000e-03 -5.108762701517676419e+00 5.657555459216396798e-01 5.884726736598739905e-01 -3.213385840282214190e+00
1.330000000000000000e+02 1.075931236528876234e+00 7.301913545568332609e-01 -4.215034690877700996e+00 1.169420655239969520e+00 -3.272563323380088818e-01 -4.473143950042903327e+00 8.239258033052578867e-01 1.284649284404236536e+00 -3.308047110461568963e+00
1.340000000000000000e+02 1.384391165602470330e+00 7.705483802000285820e-01 -4.123474002931686755e+00 1.281344491090651516e+00 -2.462499566277984719e-01 -3.737391796151548817e+00 1.215444207885228778e+00 1.771267616164925229e+00 -3.719030108484112418e+00
1.350000000000000000e+02 1.684962847277942544e+00 8.123351908586147196e-01 -4.009151790436646934e+00 1.338978498874134004e+00 2.219308609392189879e-01 -3.157522335559690418e+00 1.745157937879302068e+00 1.879327897384031942e+00 -4.235997400597078411e+00
1.360000000000000000e+02 1.975966819528219176e+00 8.554975712828323253e-01 -3.872720244320380090e+00 1.468995955706713374e+00 9.149551172204608562e-01 -2.906800057342099564e+00 2.329023344490052772e+00 1.584311266601207357e+00 -4.606026928334813419e+00
1.370000000000000000e+02 2.255771727738776988e+00 8.999734236536736098e-01 -3.714953676524256565e+00 1.783754437595646891e+00 1.586311419718319904e+00 -3.008062281080160716e+00 2.825327870471143754e+00 1.014887096400236111e+00 -4.640133253182611384e+00
1.380000000000000000e+02 2.522812949275549776e+00 9.456921358172603043e-01 -3.536745244893616302e+00 2.316032432655402928e+00 1.998826606805740091e+00 -3.332522791693389053e+00 3.101476210012636514e+00 4.036723435588980280e-01 -4.288355705222855363e+00
1.390000000000000000e+02 2.775595243278252688e+00 9.925798245617922788e-01 -3.339104217004852160e+00 2.987575047083800506e+00 2.014201841354942069e+00 -3.662998895382038711e+00 3.104581853231813682e+00 -1.051457761922502954e-03 -3.652185503470509076e+00
1.400000000000000000e+02 3.012703854236217893e+00 1.040551076185381785e+00 -3.123146510123969932e+00 3.630884027683670467e+00 1.644852533132862504e+00 -3.791150934977302711e+00 2.899875951651579520e+00 -2.912875855821095428e-02 -2.931807270232429374e+00
1.410000000000000000e+02 3.232811093287843995e+00 1.089519233900089645e+00 -2.890092271327294071e+00 4.058284333926100551e+00 1.048710274985472424e+00 -3.604575563355513879e+00 2.654539886843574337e+00 3.475198988321319682e-01 -2.334579058236734284e+00
1.420000000000000000e+02 3.434686502103787120e+00 1.139388468765855755e+00 -2.641256505981353087e+00 4.148414623021356995e+00 4.692411518731258724e-01 -3.126077491835872024e+00 2.570037114086328067e+00 1.004707387759446569e+00 -1.987192796755728352e+00
1.430000000000000000e+02 3.617197281274924237e+00 1.190059552483385907e+00 -2.378043377624816657e+00 3.909689285629628586e+00 1.434964398539033681e-01 -2.490790683458964594e+00 2.791396483684982499e+00 1.713130457169918408e+00 -1.890185743940328678e+00
1.440000000000000000e+02 3.779323667414433707e+00 1.241428326219585987e+00 -2.101934409653509306e+00 3.488724169246001594e+00 2.128830835783159792e-01 -1.875652958638923451e+00 3.334834235737529795e+00 2.224889546853677125e+00 -1.932261437340748955e+00
1.450000000000000000e+02 3.920156114079922816e+00 1.293386950524877843e+00 -1.814487784958568994e+00 3.115869683927639855e+00 6.701457879857302125e-01 -1.416682206001024014e+00 4.068970463568414075e+00 2.366729958876507389e+00 -1.953579844444330860e+00
1.460000000000000000e+02 4.038906910105024117e+00 1.345825248537259711e+00 -1.517321106141832132e+00 3.009056344501194857e+00 1.362344196061861190e+00 -1.153055473937598663e+00 4.761696314006179875e+00 2.105000010165006152e+00 -1.825193490104190630e+00
1.470000000000000000e+02 4.134910690904068709e+00 1.398626932194733552e+00 -1.212108313780134949e+00 3.277522740745823171e+00 2.048523114425361058e+00 -1.022167755503364361e+00 5.174946373858141158e+00 1.558032457842829288e+00 -1.506169387831281625e+00
1.480000000000000000e+02 4.207627772305704283e+00 1.451678990230401922e+00 -9.005687433406635023e-01 3.868853209910279034e+00 2.490319053411120365e+00 -9.042355149097254241e-01 5.166879696190061821e+00 9.514480734096038006e-01 -1.052761290404511385e+00
1.490000000000000000e+02 4.256652348683047649e+00 1.504861884090458624e+00 -5.844551806994964238e-01 4.584686136021199232e+00 2.541470757387864765e+00 -6.911922778198125172e-01 4.756138290334751773e+00 5.332468535114451846e-01 -5.785008162284555056e-01
1.500000000000000000e+02 4.281707625206083279e+00 1.558058469416027769e+00 -2.655479704359891002e-01 5.160283183444759558e+00 2.202664116419248863e+00 -3.439372379804375157e-01 4.118529933703309887e+00 4.805851439102535316e-01 -1.882194476882297351e-01
1.510000000000000000e+02 4.282652906994639963e+00 1.611150239064377487e+00 5.435737888462810474e-02 5.374502996053521997e+00 1.621205024618315171e+00 9.066827258851262172e-02 3.516023706983959940e+00 8.331853435644580586e-01 7.897948829435819107e-02
1.520000000000000000e+02 4.259480438020413651e+00 1.664020512362347937e+00 3.734617634675387876e-01 5.142616055560596422e+00 1.035637034878135410e+00 5.104387527970146721e-01 3.188011307894271340e+00 1.478352146606067841e+00 2.684034990466770410e-01
1.530000000000000000e+02 4.212319757549916943e+00 1.716552910878719196e+00 6.899670338086103527e-01 4.551550493049752788e+00 6.860882071372103042e-01 8.188940044360251136e-01 3.251755199314009914e+00 2.193207373360194445e+00 4.809879928414417805e-01
1.540000000000000000e+02 4.141434110658519074e+00 1.768631621894261485e+00 1.002092488516726831e+00 3.822326707041021621e+00 7.239330194586419687e-01 9.838808362149578102e-01 3.655061905342209094e+00 2.728360556144457938e+00 8.125705590501581810e-01
1.550000000000000000e+02 4.047216091787489312e+00 1.820145510819812351e+00 1.308079984051730094e+00 3.216441023854653025e+00 1.154705419162381119e+00 1.061996460415667087e+00 4.201151631440398937e+00 2.901648106692664264e+00 1.293492456980587235e+00
1.560000000000000000e+02 3.930193196531913458e+00 1.870986709080175281e+00 1.606208806966343161e+00 2.927295188307542873e+00 1.835748789544945581e+00 1.174340495796815986e+00 4.633923774084472313e+00 2.666759665598754658e+00 1.861288230840983715e+00
1.570000000000000000e+02 3.791018593999002206e+00 1.921048977495023458e+00 1.894797147713102703e+00 3.003608908320710036e+00 2.529633923895095116e+00 1.444057181101275233e+00 4.745621965907497852e+00 2.130889735081550107e+00 2.382911454905013215e+00
1.580000000000000000e+02 3.630468905402723045e+00 1.970232635718613068e+00 2.172221485328574175e+00 3.336673850343621517e+00 2.993396851285404558e+00 1.926504496718894899e+00 4.460026971290381503e+00 1.514627907479638047e+00 2.717943699561256921e+00
1.590000000000000000e+02 3.449440016905350070e+00 2.018441922644560016e+00 2.436917294710770676e+00 3.714494714609076098e+00 3.070138433787441556e+00 2.568206788993734335e+00 3.856401544008179805e+00 1.068993216020866388e+00 2.792567178244748760e+00
1.600000000000000000e+02 3.248945113864410317e+00 2.065586486037498837e+00 2.687394176616255237e+00 3.916439338905187029e+00 2.748451642714290877e+00 3.218148690329510231e+00 3.126582271911630073e+00 9.807146593015931835e-01 2.646936091034547189e+00
1.610000000000000000e+02 3.030101694420537228e+00 2.111581326197391029e+00 2.922237943307600005e+00 3.805394602672224735e+00 2.167130198795559792e+00 3.689956202468934521e+00 2.487312477223172280e+00 1.301445882223202233e+00 2.429675776484955918e+00
1.620000000000000000e+02 2.794134388575311156e+00 2.156349428327882123e+00 3.140124407078936031e+00 3.377581246135788362e+00 1.563113049727008708e+00 3.848090644669635907e+00 2.088538696270141770e+00 1.927771542019811157e+00 2.337975144012940376e+00
1.630000000000000000e+02 2.537234238160580801e+00 2.203977621665539566e+00 3.344785998165981766e+00 2.747424966563801085e+00 1.186169456795245214e+00 3.681597716493428152e+00 1.948736453967798710e+00 2.644140483832923216e+00 2.536403500851871939e+00
1.640000000000000000e+02 2.266561928990327601e+00 2.250316468243363843e+00 3.531176732399956109e+00 2.090185082641473180e+00 1.193787003049447293e+00 3.316251272239718162e+00 1.989881499252527775e+00 3.192664857132277767e+00 3.052653746901270893e+00
1.650000000000000000e+02 1.983420241033809539e+00 2.295316449646125356e+00 3.698386411847298660e+00 1.559704427828469520e+00 1.601196110870966471e+00 2.968853752554792891e+00 2.058645770075631987e+00 3.382363984869020790e+00 3.777280042060429111e+00
1.660000000000000000e+02 1.689176623766591945e+00 2.338933486192469324e+00 3.845595520850167759e+00 1.227478619518898917e+00 2.271229030109622293e+00 2.857765222334162303e+00 2.010220687014383500e+00 3.157663215880842422e+00 4.493798660391895794e+00
1.670000000000000000e+02 1.385247646332862459e+00 2.381129278898922230e+00 3.972083416606885464e+00 1.063722271426559729e+00 2.965965801167471660e+00 3.107130013875739394e+00 1.771075451137109624e+00 2.619963116577774365e+00 4.965889802219056293e+00
1.680000000000000000e+02 1.073098486240751548e+00 2.421875600905562642e+00 4.077227179287898906e+00 9.668796871031792861e-01 3.436964724840035679e+00 3.687525001847596684e+00 1.361808385285678824e+00 1.989553470945161884e+00 5.038112762416801615e+00
1.690000000000000000e+02 7.542344686776605300e-01 2.461147776632699014e+00 4.160510606223759567e+00 8.232136568009380539e-01 3.519894419721383727e+00 4.420998728585018966e+00 8.731322107234902319e-01 1.522056953228330123e+00 4.705971319498424066e+00
1.700000000000000000e+02 4.301930376646136978e-01 2.498930580859072492e+00 4.221518490147133207e+00 5.651292840642305748e-01 3.197512139152167698e+00 5.050573647759925677e+00 4.108073288801659118e-01 1.411019580594379708e+00 4.123380609188771473e+00
1.710000000000000000e+02 1.025359794118791967e-01 2.535214050863367596e+00 4.259947058811757614e+00 1.995976420052443245e-01 2.606746387243974006e+00 5.345772740720938998e+00 3.932800116601242735e-02 1.713777105539205259e+00 3.542449446327523788e+00
1.720000000000000000e+02 -2.271580088541949038e-01 2.569997888643904105e+00 4.275597619040297559e+00 -2.054233888281142839e-01 1.986878175134950020e+00 5.199207344704532829e+00 -2.469854721613042869e-01 2.329068366202188045e+00 3.210179526826820506e+00
1.730000000000000000e+02 -5.572982764577112391e-01 2.603285505504749686e+00 4.268384364129794051e+00 -5.668683082929870665e-01 1.588322148283535462e+00 4.672506333235549647e+00 -5.121472369158723836e-01 3.035245331737942642e+00 3.265922887901965055e+00
1.740000000000000000e+02 -5.572982764577112391e-01 2.603285505504749686e+00 4.268384364129794051e+00 -4.243092757889576072e-01 1.800311607504578859e+00 3.778438607099959601e+00 -9.551807756187205012e-01 2.823155301686872676e+00 5.102558680198217012e+00
1.750000000000000000e+02 -8.493307152340745514e-01 2.648503060107312290e+00 4.115008980845463071e+00 -1.002389459376983760e+00 1.710926457344620122e+00 4.119818845018657250e+00 -1.050052129212522001e+00 3.364953485601748895e+00 4.705694770228730839e+00
1.760000000000000000e+02 -1.138129036850958009e+00 2.696659355980906891e+00 3.957695140095497166e+00 -1.533522069298944857e+00 1.985064096211631934e+00 4.447385385215291365e+00 -1.048263445548943240e+00 3.633350037053107329e+00 4.088212355406110277e+00
1.770000000000000000e+02 -1.423115849393820298e+00 2.748149889114917421e+00 3.795951387103374763e+00 -1.917501759415583429e+00 2.535858540417175178e+00 4.578904102942617627e+00 -1.058822412396250856e+00 3.544045035345365857e+00 3.426707283606363674e+00
1.780000000000000000e+02 -1.703547108084447537e+00 2.803461500901919479e+00 3.629181796391616199e+00 -2.103238151048279381e+00 3.170883747070118552e+00 4.408763712033070270e+00 -1.191909979376855055e+00 3.152040542272898094e+00 2.908612507256463253e+00
1.790000000000000000e+02 -1.978443477657019445e+00 2.863202877873045615e+00 3.456654616387523582e+00 -2.111432478325772966e+00 3.666176775873216442e+00 3.946600373417358476e+00 -1.516260714688441480e+00 2.631253179294938960e+00 2.659731514109608064e+00
1.800000000000000000e+02 -2.246483941174002741e+00 2.928148421847603711e+00 3.277459248889812660e+00 -2.031617481981339512e+00 3.852945275523070645e+00 3.310371011923186391e+00 -2.029312885423399493e+00 2.208296765709813592e+00 2.696812776671260625e+00
1.810000000000000000e+02 -2.505835157373458522e+00 2.999302527715300482e+00 3.090447222563981633e+00 -1.993323330126284265e+00 3.683917966887920059e+00 2.676764581668519938e+00 -2.651607857526274259e+00 2.075490768164266253e+00 2.923647483938947911e+00
1.820000000000000000e+02 -2.753867347464407089e+00 3.077995057664138390e+00 2.894152838480694712e+00 -2.120387852262343831e+00 3.254001318265615339e+00 2.208422916873343134e+00 -3.248471959187092306e+00 2.316093948244945633e+00 3.172312823971878082e+00
1.830000000000000000e+02 -2.986662508469692057e+00 3.166023057307280286e+00 2.686694399723287052e+00 -2.483383074382049305e+00 2.767298889042216992e+00 1.986530955329225634e+00 -3.672364987974972461e+00 2.870042381364338535e+00 3.273812402401342858e+00
1.840000000000000000e+02 -3.198132829773753905e+00 3.265852301717973027e+00 2.465683190489364573e+00 -3.065143829105000162e+00 2.462878403717802200e+00 1.975737433459529901e+00 -3.812323749251752769e+00 3.552796607201315737e+00 3.131214917743184056e+00
1.850000000000000000e+02 -3.378416832654954849e+00 3.380852998523950159e+00 2.228272527170401140e+00 -3.747582915314616958e+00 2.526403991634564861e+00 2.038184920947736067e+00 -3.636653530932019596e+00 4.119427185953214554e+00 2.767087873394098008e+00
1.860000000000000000e+02 -3.511131131944279282e+00 3.515325445197042598e+00 1.971861679820201996e+00 -4.317840681387263402e+00 3.014653439280853942e+00 2.004222849906562853e+00 -3.224922013310038693e+00 4.351331096743892957e+00 2.320686694680571982e+00
1.870000000000000000e+02 -3.570200469968417778e+00 3.673186440056597668e+00 1.697109161429968260e+00 -4.505367204162809891e+00 3.797124921951693377e+00 1.809369715329076644e+00 -2.792957241506452526e+00 4.154081407483796617e+00 1.956209516723462105e+00
1.880000000000000000e+02 -3.524201597951920117e+00 3.852343391266767281e+00 1.415973934786287858e+00 -4.158337259524720331e+00 4.527136436336006042e+00 1.628167971101662559e+00 -2.618614101465905897e+00 3.684430136973767311e+00 1.648818142876004922e+00
1.890000000000000000e+02 -3.364915086990184268e+00 4.036900519393546993e+00 1.156738701415076509e+00 -3.497904087658938010e+00 4.839874417393717820e+00 1.646684458444910959e+00 -2.726215594314187030e+00 3.334018591252826180e+00 1.179541182609155969e+00
1.900000000000000000e+02 -3.126344297095174252e+00 4.208050429827760119e+00 9.409972274453136665e-01 -2.856241303490151928e+00 4.690844921921604183e+00 1.713301475296800991e+00 -2.894472468098266749e+00 3.370563289113139405e+00 5.571343039227653060e-01
1.910000000000000000e+02 -2.846482546155960414e+00 4.360807311752770588e+00 7.666080157480257284e-01 -2.370370167479046053e+00 4.287380674695490335e+00 1.585403186618658422e+00 -2.974879829008625354e+00 3.798849863817023831e+00 1.148023552431065575e-02
1.920000000000000000e+02 -2.545752343195371914e+00 4.497958991611726631e+00 6.234586796742658255e-01 -2.057064634366572164e+00 3.896381536025515846e+00 1.172811834002225329e+00 -2.904707365122881857e+00 4.464544730613276613e+00 -2.554808969719040146e-01
1.930000000000000000e+02 -2.233543491948841719e+00 4.623027093390084552e+00 5.032288843795018618e-01 -1.881855948105938925e+00 3.741899827169667070e+00 5.525301240057041152e-01 -2.664517663896983635e+00 5.137655246877922188e+00 -1.690204196374763823e-01
1.940000000000000000e+02 -1.914418234728829438e+00 4.738725537948118571e+00 4.002324174248960142e-01 -1.781429234060075695e+00 3.935751639947947744e+00 -8.971333960493810267e-02 -2.271609397953575638e+00 5.596094769293625149e+00 2.006516717198845723e-01
1.950000000000000000e+02 -1.590806566233272434e+00 4.847000216808761586e+00 3.106205615989849900e-01 -1.681641524042228886e+00 4.444904459407280406e+00 -5.452813091312838090e-01 -1.774967604309185099e+00 5.705964696979904716e+00 6.722346291615168834e-01
1.960000000000000000e+02 -1.264114387643547222e+00 4.949252501291330653e+00 2.317149918726368329e-01 -1.517071515868583909e+00 5.110082814168840137e+00 -6.697539769442963919e-01 -1.242241125115991496e+00 5.469487467140236703e+00 1.026307428719721582e+00
1.970000000000000000e+02 -9.352117962877763979e-01 5.046514175709437389e+00 1.615885372625384675e-01 -1.247728758285910899e+00 5.710307346980164844e+00 -4.419110685681592599e-01 -7.413040476902839071e-01 5.021641039868532275e+00 1.091255742313513410e+00
1.980000000000000000e+02 -6.046672045384864358e-01 5.139564009102019604e+00 9.881058265635848936e-02 -8.680842417343919148e-01 6.049433685592453536e+00 2.636310983553687148e-02 -3.220188878132032584e-01 4.576638380654447502e+00 8.099537931908259436e-01
1.990000000000000000e+02 -2.728685248157855514e-01 5.229003699551278750e+00 4.228970939824067826e-02 -4.058575254845393498e-01 6.031977597551449577e+00 5.322354664280747327e-01 -3.767379193591102737e-03 4.344790881034148455e+00 2.619536914135354166e-01
