1 1 -5.3787125810669295e-05 1.3745486234268035e-05 0 0 0 1 100000000.0 
1 1 1.4464378750609445e-05 3.628735826064031e-05 0 0 0 1 100000000.0 
1 1 -2.1684190724003696e-05 -9.9651500890156e-06 0 0 0 1 100000000.0 
1 1 5.3068529713432136e-05 1.7796587212951133e-05 0 0 0 1 100000000.0 
1 1 5.5044194199567055e-05 4.4984000572996016e-07 0 0 0 1 100000000.0 
1 1 -2.6515359823528747e-05 -2.1157723137011478e-05 0 0 0 1 100000000.0 
1 1 -1.8745954208719676e-05 -2.7086338430563885e-05 0 0 0 1 100000000.0 
1 1 2.335739119201826e-05 -5.3382310281936515e-06 0 0 0 1 100000000.0 
1 1 3.595513981639595e-05 3.152218058042468e-05 0 0 0 1 100000000.0 
1 1 -3.057345763018309e-05 1.1439638982249132e-05 0 0 0 1 100000000.0 
1 1 -1.7715985480289823e-05 2.391282595575034e-05 0 0 0 1 100000000.0 
1 1 4.542690846606417e-06 3.625828521614926e-05 0 0 0 1 100000000.0 
1 1 -1.0359893664323266e-05 -6.04652265213696e-06 0 0 0 1 100000000.0 
1 1 1.807180017131298e-05 -4.3794745990734024e-05 0 0 0 1 100000000.0 
1 1 4.7655356747181613e-07 -2.4620124413554733e-05 0 0 0 1 100000000.0 
1 1 2.1687862853529357e-05 8.813698958491217e-06 0 0 0 1 100000000.0 
1 1 -2.804200855065341e-06 1.6826052248848997e-05 0 0 0 1 100000000.0 
1 1 -1.9861181553157347e-06 2.1283426010835213e-05 0 0 0 1 100000000.0 
1 1 1.7313001794568066e-05 -1.854085737056997e-05 0 0 0 1 100000000.0 
1 1 4.540805728950052e-05 3.1929505511526355e-05 0 0 0 1 100000000.0 
1 1 -4.188497319149725e-05 2.5421868726283366e-05 0 0 0 1 100000000.0 
1 1 1.8210993404352997e-05 -3.5778855871164686e-05 0 0 0 1 100000000.0 
1 1 -4.107771919679074e-05 3.1979741702489316e-05 0 0 0 1 100000000.0 
1 1 1.2942281741509968e-05 -4.786566446941637e-06 0 0 0 1 100000000.0 
1 1 3.5945466171217794e-05 2.8597292309504375e-05 0 0 0 1 100000000.0 
1 1 -4.1746496636263096e-05 -1.652404311869897e-06 0 0 0 1 100000000.0 
1 1 -2.777416818751633e-05 -7.0830487738844095e-06 0 0 0 1 100000000.0 
1 1 -4.119050543399458e-05 -3.7181990046954936e-05 0 0 0 1 100000000.0 
1 1 1.187977134278372e-05 6.957019813305351e-06 0 0 0 1 100000000.0 
1 1 -9.055588996360764e-06 -5.4659090782662346e-05 0 0 0 1 100000000.0 
1 1 -3.395564785969192e-05 1.09117596742763e-05 0 0 0 1 100000000.0 
1 1 -2.4383230858032913e-05 -2.758933773460079e-05 0 0 0 1 100000000.0 
1 1 3.769548940881031e-05 2.2335384229672387e-05 0 0 0 1 100000000.0 
1 1 -2.4824099925205065e-05 -4.963598449151732e-05 0 0 0 1 100000000.0 
1 1 1.984756993584758e-05 -2.376057440686103e-05 0 0 0 1 100000000.0 
1 1 -1.4623684362473538e-05 2.7398134442592334e-05 0 0 0 1 100000000.0 
1 1 2.8523940645450703e-05 3.7706329258893383e-06 0 0 0 1 100000000.0 
1 1 -2.568070538035088e-05 -2.1325954767992597e-06 0 0 0 1 100000000.0 
1 1 -4.098132457231724e-05 3.5653930471424664e-06 0 0 0 1 100000000.0 
1 1 2.255416160651781e-05 2.8322284793608553e-06 0 0 0 1 100000000.0 
1 1 -1.2732647023175907e-05 2.8451419257803143e-05 0 0 0 1 100000000.0 
1 1 -4.1292664638620796e-05 1.4277190753231323e-05 0 0 0 1 100000000.0 
1 1 -3.5995596088148476e-05 -1.3814078079858417e-05 0 0 0 1 100000000.0 
1 1 -1.2105168869462286e-05 1.690371516845921e-06 0 0 0 1 100000000.0 
1 1 1.5575828478228897e-05 1.103344756335929e-05 0 0 0 1 100000000.0 
1 1 1.2600549446364376e-05 5.478771900249197e-05 0 0 0 1 100000000.0 
1 1 3.151464861674966e-05 -2.4428430974252017e-06 0 0 0 1 100000000.0 
1 1 -1.818088993718542e-05 5.258510983001024e-06 0 0 0 1 100000000.0 
1 1 2.0956677051982838e-05 4.273982290114346e-05 0 0 0 1 100000000.0 
1 1 1.091450652726049e-05 -2.083952819241612e-05 0 0 0 1 100000000.0 
1 1 1.1272073491782004e-05 -4.906140315804831e-06 0 0 0 1 100000000.0 
1 1 -2.9128353827021427e-05 -2.721379118861076e-05 0 0 0 1 100000000.0 
1 1 2.7879711555144316e-05 -1.826922256400492e-05 0 0 0 1 100000000.0 
1 1 2.5494770147128393e-05 1.0101476015719838e-06 0 0 0 1 100000000.0 
1 1 -5.130508940116058e-05 -8.78686793330947e-06 0 0 0 1 100000000.0 
1 1 1.6954646867930447e-07 -2.5454498240233377e-05 0 0 0 1 100000000.0 
1 1 2.7622361122227652e-05 -2.0880341406846214e-05 0 0 0 1 100000000.0 
1 1 -3.3235355426735996e-06 2.888391338910821e-05 0 0 0 1 100000000.0 
1 1 -3.328525270647822e-05 1.3865751963553982e-05 0 0 0 1 100000000.0 
1 1 -4.947884439989971e-06 5.210948509913435e-05 0 0 0 1 100000000.0 
1 1 -6.46939775842939e-06 -4.5001969697633915e-05 0 0 0 1 100000000.0 
1 1 -2.0798771816742428e-05 1.9989229406672953e-05 0 0 0 1 100000000.0 
1 1 3.5670547473855423e-05 -3.8457658344144534e-05 0 0 0 1 100000000.0 
1 1 1.2163477011515494e-05 3.088175343565959e-05 0 0 0 1 100000000.0 
1 1 -7.006952433063875e-06 -6.9371905874056315e-06 0 0 0 1 100000000.0 
1 1 2.2578455530001367e-05 1.844718195011458e-05 0 0 0 1 100000000.0 
1 1 9.456803580171016e-06 4.9757369226603456e-06 0 0 0 1 100000000.0 
1 1 -2.9818812696008612e-05 -8.387328055533328e-06 0 0 0 1 100000000.0 
1 1 -3.829902603458086e-05 4.5873658479872565e-06 0 0 0 1 100000000.0 
1 1 -3.173893024518483e-05 3.406731951586892e-05 0 0 0 1 100000000.0 
1 1 -3.1168584404549786e-07 4.239135042453436e-05 0 0 0 1 100000000.0 
1 1 3.59677447888396e-05 3.201659072059069e-05 0 0 0 1 100000000.0 
1 1 5.001138761386954e-05 -1.6183043440696023e-06 0 0 0 1 100000000.0 
1 1 -4.522029349321467e-05 5.0116237765294035e-06 0 0 0 1 100000000.0 
1 1 1.0638203801114516e-05 -5.452787502781286e-05 0 0 0 1 100000000.0 
1 1 4.925736106898275e-05 -2.7065173808668388e-05 0 0 0 1 100000000.0 
1 1 -5.638514926434788e-06 -5.826112068649353e-06 0 0 0 1 100000000.0 
1 1 3.957581298753294e-05 -3.6961365610106735e-06 0 0 0 1 100000000.0 
1 1 -1.54569735728418e-05 5.119151100548347e-05 0 0 0 1 100000000.0 
1 1 1.7086914293142195e-05 -2.70222265693667e-05 0 0 0 1 100000000.0 
1 1 -4.099968869471804e-05 2.4687011946309582e-05 0 0 0 1 100000000.0 
1 1 1.6197940026516074e-05 3.659409210696982e-05 0 0 0 1 100000000.0 
1 1 2.4872897997928612e-06 -2.7314977469246955e-05 0 0 0 1 100000000.0 
1 1 1.617535126444492e-05 4.2494205173599996e-05 0 0 0 1 100000000.0 
1 1 -3.8595307913425455e-05 -3.6314614514348775e-05 0 0 0 1 100000000.0 
1 1 3.185471536025286e-05 1.1898514710576652e-05 0 0 0 1 100000000.0 
1 1 -1.3659538757798315e-05 2.8275254783546524e-05 0 0 0 1 100000000.0 
1 1 2.414240418506382e-05 1.7139892946658977e-05 0 0 0 1 100000000.0 
1 1 -4.46986928398646e-05 5.804896496568275e-06 0 0 0 1 100000000.0 
1 1 2.4928873274396937e-05 1.6475911745108517e-05 0 0 0 1 100000000.0 
1 1 3.3701719543752646e-05 3.305103513938074e-05 0 0 0 1 100000000.0 
1 1 -9.868647404844595e-06 1.3836092127878191e-05 0 0 0 1 100000000.0 
1 1 -2.2893257631721935e-05 -5.774650380444205e-06 0 0 0 1 100000000.0 
1 1 6.014654503405379e-06 2.438133746091294e-05 0 0 0 1 100000000.0 
1 1 2.4230922680898225e-05 2.264381176100448e-05 0 0 0 1 100000000.0 
1 1 -1.952931340083861e-05 -8.96569567453397e-07 0 0 0 1 100000000.0 
1 1 1.1426414193024814e-05 -1.8743707877407922e-05 0 0 0 1 100000000.0 
1 1 1.0845064510084363e-05 -3.69483446267404e-05 0 0 0 1 100000000.0 
1 1 1.49137068108123e-05 1.0788275024827032e-05 0 0 0 1 100000000.0 
1 1 1.795908059894901e-05 1.8143769986409006e-05 0 0 0 1 100000000.0 
