0.000000000000000000e+00 0.000000000000000000e+00 -4.700000000000000000e+02 1.000000000000000000e+01
-8.000000000000000000e+02 0.000000000000000000e+00 -4.700000000000000000e+02 1.000000000000000000e+01
8.000000000000000000e+02 0.000000000000000000e+00 -4.700000000000000000e+02 1.000000000000000000e+01
-1.600000000000000000e+03 0.000000000000000000e+00 -4.700000000000000000e+02 1.000000000000000000e+01
1.600000000000000000e+03 0.000000000000000000e+00 -4.700000000000000000e+02 8.000000000000000000e+00
-2.400000000000000000e+03 0.000000000000000000e+00 -4.700000000000000000e+02 8.000000000000000000e+00
2.400000000000000000e+03 0.000000000000000000e+00 -4.700000000000000000e+02 8.000000000000000000e+00
-3.200000000000000000e+03 0.000000000000000000e+00 0.000000000000000000e+00 8.000000000000000000e+00
3.200000000000000000e+03 0.000000000000000000e+00 0.000000000000000000e+00 8.000000000000000000e+00
-4.000000000000000000e+03 0.000000000000000000e+00 0.000000000000000000e+00 8.000000000000000000e+00
4.000000000000000000e+03 0.000000000000000000e+00 0.000000000000000000e+00 7.000000000000000000e+00
-4.800000000000000000e+03 0.000000000000000000e+00 0.000000000000000000e+00 7.000000000000000000e+00
4.800000000000000000e+03 0.000000000000000000e+00 0.000000000000000000e+00 7.000000000000000000e+00
4.800000000000000000e+03 0.000000000000000000e+00 3.525000000000000000e+03 7.000000000000000000e+00
-4.800000000000000000e+03 0.000000000000000000e+00 3.525000000000000000e+03 7.000000000000000000e+00
4.000000000000000000e+03 0.000000000000000000e+00 3.525000000000000000e+03 6.000000000000000000e+00
-4.000000000000000000e+03 0.000000000000000000e+00 3.525000000000000000e+03 6.000000000000000000e+00
3.200000000000000000e+03 0.000000000000000000e+00 3.525000000000000000e+03 6.000000000000000000e+00
-3.200000000000000000e+03 0.000000000000000000e+00 3.525000000000000000e+03 6.000000000000000000e+00
2.400000000000000000e+03 0.000000000000000000e+00 3.055000000000000000e+03 6.000000000000000000e+00
-2.400000000000000000e+03 0.000000000000000000e+00 3.055000000000000000e+03 6.000000000000000000e+00
1.600000000000000000e+03 0.000000000000000000e+00 3.525000000000000000e+03 6.000000000000000000e+00
-1.600000000000000000e+03 0.000000000000000000e+00 3.525000000000000000e+03 6.000000000000000000e+00
8.000000000000000000e+02 0.000000000000000000e+00 3.525000000000000000e+03 6.000000000000000000e+00
-8.000000000000000000e+02 0.000000000000000000e+00 3.525000000000000000e+03 6.000000000000000000e+00
0.000000000000000000e+00 0.000000000000000000e+00 3.995000000000000000e+03 5.000000000000000000e+00
0.000000000000000000e+00 0.000000000000000000e+00 -3.995000000000000000e+03 5.000000000000000000e+00
8.000000000000000000e+02 0.000000000000000000e+00 -3.995000000000000000e+03 4.000000000000000000e+00
-8.000000000000000000e+02 0.000000000000000000e+00 -3.995000000000000000e+03 4.000000000000000000e+00
1.600000000000000000e+03 0.000000000000000000e+00 -3.995000000000000000e+03 4.000000000000000000e+00
-1.600000000000000000e+03 0.000000000000000000e+00 -3.995000000000000000e+03 4.000000000000000000e+00
2.400000000000000000e+03 0.000000000000000000e+00 -3.525000000000000000e+03 4.000000000000000000e+00
-2.400000000000000000e+03 0.000000000000000000e+00 -3.525000000000000000e+03 4.000000000000000000e+00
3.200000000000000000e+03 0.000000000000000000e+00 -2.820000000000000000e+03 3.000000000000000000e+00
-3.200000000000000000e+03 0.000000000000000000e+00 -2.820000000000000000e+03 3.000000000000000000e+00
4.000000000000000000e+03 0.000000000000000000e+00 -2.820000000000000000e+03 3.000000000000000000e+00
-4.000000000000000000e+03 0.000000000000000000e+00 -2.820000000000000000e+03 3.000000000000000000e+00
4.800000000000000000e+03 0.000000000000000000e+00 -2.820000000000000000e+03 3.000000000000000000e+00
-4.800000000000000000e+03 0.000000000000000000e+00 -2.820000000000000000e+03 3.000000000000000000e+00
3.200000000000000000e+03 0.000000000000000000e+00 -4.700000000000000000e+03 3.000000000000000000e+00
-3.200000000000000000e+03 0.000000000000000000e+00 -4.700000000000000000e+03 3.000000000000000000e+00
4.000000000000000000e+03 0.000000000000000000e+00 -4.700000000000000000e+03 2.000000000000000000e+00
-4.000000000000000000e+03 0.000000000000000000e+00 -4.700000000000000000e+03 2.000000000000000000e+00
4.800000000000000000e+03 0.000000000000000000e+00 -4.700000000000000000e+03 2.000000000000000000e+00
-4.800000000000000000e+03 0.000000000000000000e+00 -4.700000000000000000e+03 2.000000000000000000e+00
-2.400000000000000000e+03 0.000000000000000000e+00 -5.135000000000000000e+03 2.000000000000000000e+00
