0.000000000000000000e+00 0.000000000000000000e+00 0.000000000000000000e+00 -2.719999999999999751e+00 6.717514421272200442e-01 6.717514421272200442e-01 -2.719999999999999751e+00 2.109423746787797328e-16 -9.499999999999999556e-01 -2.719999999999999751e+00
1.000000000000000000e+00 0.000000000000000000e+00 0.000000000000000000e+00 -2.379999999999999893e+00 9.383039235653808374e-01 1.486127417882192325e-01 -2.379999999999999893e+00 -5.583959896778492027e-01 -7.685661446561999899e-01 -2.379999999999999893e+00
2.000000000000000000e+00 0.000000000000000000e+00 0.000000000000000000e+00 -2.040000000000000036e+00 8.464561979789494428e-01 -4.312909747525695003e-01 -2.040000000000000036e+00 -9.035036904803956936e-01 -2.935661446562000121e-01 -2.040000000000000036e+00
3.000000000000000000e+00 0.000000000000000000e+00 0.000000000000000000e+00 -1.700000000000000178e+00 4.312909747525695559e-01 -8.464561979789493318e-01 -1.700000000000000178e+00 -9.035036904803959157e-01 2.935661446561999011e-01 -1.700000000000000178e+00
4.000000000000000000e+00 0.000000000000000000e+00 0.000000000000000000e+00 -1.360000000000000098e+00 -1.486127417882190938e-01 -9.383039235653807264e-01 -1.360000000000000098e+00 -5.583959896778496468e-01 7.685661446561999899e-01 -1.360000000000000098e+00
5.000000000000000000e+00 0.000000000000000000e+00 0.000000000000000000e+00 -1.020000000000000018e+00 -6.717514421272199332e-01 -6.717514421272201552e-01 -1.020000000000000018e+00 -2.636779683484746784e-16 9.499999999999999556e-01 -1.020000000000000018e+00
6.000000000000000000e+00 0.000000000000000000e+00 0.000000000000000000e+00 -6.799999999999999378e-01 -9.383039235653808374e-01 -1.486127417882193991e-01 -6.799999999999999378e-01 5.583959896778490917e-01 7.685661446562001009e-01 -6.799999999999999378e-01
7.000000000000000000e+00 0.000000000000000000e+00 0.000000000000000000e+00 -3.399999999999999134e-01 -8.464561979789495538e-01 4.312909747525693893e-01 -3.399999999999999134e-01 9.035036904803956936e-01 2.935661446562002341e-01 -3.399999999999999134e-01
8.000000000000000000e+00 0.000000000000000000e+00 0.000000000000000000e+00 1.110223024625156540e-16 -4.312909747525696114e-01 8.464561979789493318e-01 1.110223024625156540e-16 9.035036904803959157e-01 -2.935661446561998456e-01 1.110223024625156540e-16
9.000000000000000000e+00 0.000000000000000000e+00 0.000000000000000000e+00 3.400000000000001354e-01 1.486127417882189827e-01 9.383039235653808374e-01 3.400000000000001354e-01 5.583959896778490917e-01 -7.685661446562003229e-01 3.400000000000001354e-01
1.000000000000000000e+01 0.000000000000000000e+00 0.000000000000000000e+00 6.800000000000001599e-01 6.717514421272198222e-01 6.717514421272202663e-01 6.800000000000001599e-01 -4.218847493575594656e-16 -9.499999999999999556e-01 6.800000000000001599e-01
1.100000000000000000e+01 0.000000000000000000e+00 0.000000000000000000e+00 1.020000000000000240e+00 9.383039235653807264e-01 1.486127417882195101e-01 1.020000000000000240e+00 -5.583959896778497578e-01 -7.685661446561997678e-01 1.020000000000000240e+00
1.200000000000000000e+01 0.000000000000000000e+00 0.000000000000000000e+00 1.360000000000000320e+00 8.464561979789496649e-01 -4.312909747525692783e-01 1.360000000000000320e+00 -9.035036904803960267e-01 -2.935661446561995125e-01 1.360000000000000320e+00
1.300000000000000000e+01 0.000000000000000000e+00 0.000000000000000000e+00 1.700000000000000400e+00 4.312909747525697224e-01 -8.464561979789492208e-01 1.700000000000000400e+00 -9.035036904803958047e-01 2.935661446562005672e-01 1.700000000000000400e+00
1.400000000000000000e+01 0.000000000000000000e+00 0.000000000000000000e+00 2.040000000000000036e+00 -1.486127417882189827e-01 -9.383039235653808374e-01 2.040000000000000036e+00 -5.583959896778490917e-01 7.685661446562003229e-01 2.040000000000000036e+00
1.500000000000000000e+01 0.000000000000000000e+00 0.000000000000000000e+00 2.379999999999999893e+00 -6.717514421272198222e-01 -6.717514421272202663e-01 2.379999999999999893e+00 2.636779683484746784e-16 9.499999999999999556e-01 2.379999999999999893e+00
1.600000000000000000e+01 0.000000000000000000e+00 0.000000000000000000e+00 2.719999999999999751e+00 -9.383039235653808374e-01 -1.486127417882196489e-01 2.719999999999999751e+00 5.583959896778496468e-01 7.685661446561998789e-01 2.719999999999999751e+00
