0.000000000000000000e+00 0.000000000000000000e+00 -1.221245327087672194e-15 -5.500000000000000000e+00 -5.548680073219678377e-01 -2.406041379075404829e-01 -6.232619371346621584e+00 9.142307420073011448e-01 -1.319299227838074962e-01 -5.278016564034524016e+00
1.000000000000000000e+00 -8.035647940243310916e-02 -2.842036211596138395e-01 -5.345802866701298228e+00 -9.757864474882582684e-02 -7.375083357517325799e-01 -6.180499358097625517e+00 5.825672480954893206e-01 -1.153999014651274774e-01 -4.686608331122030791e+00
2.000000000000000000e+00 -1.649306629836067295e-01 -5.653450398226976814e-01 -5.189417024525831756e+00 3.579322812833279910e-01 -1.071952432540032696e+00 -5.799714731515344113e+00 -1.979125801038095211e-03 -1.446258143804957375e-01 -4.353389435344020342e+00
3.000000000000000000e+00 -2.542646458693123557e-01 -8.429002176070048424e-01 -5.030604006616364643e+00 6.065053237603055258e-01 -1.216390501519980072e+00 -5.179197637726288050e+00 -6.481431606644600940e-01 -3.141039909195522672e-01 -4.346692999084038611e+00
4.000000000000000000e+00 -3.490198449135093473e-01 -1.116200239779464365e+00 -4.869082554508898042e+00 5.220666554801368653e-01 -1.209352004892159327e+00 -4.501616831633499238e+00 -1.145247799974417280e+00 -6.702248962654114850e-01 -4.605213199416179570e+00
5.000000000000000000e+00 -4.500148436606883351e-01 -1.384374279589311474e+00 -4.704518686725335463e+00 1.048531636612796136e-01 -1.143770141681772268e+00 -3.971899315378713879e+00 -1.344473453468888691e+00 -1.192932433894591693e+00 -4.961021737500526996e+00
6.000000000000000000e+00 -5.582789313705216472e-01 -1.646262647573714766e+00 -4.536513705649355188e+00 -5.205728170540750988e-01 -1.136105948199254811e+00 -3.736002374669891157e+00 -1.215751015455234896e+00 -1.799935654493060477e+00 -5.204806355312412869e+00
7.000000000000000000e+00 -6.751291113562795099e-01 -1.900279945190588959e+00 -4.364590815869486384e+00 -1.155750142582390172e+00 -1.286716124240690151e+00 -3.821412335106016744e+00 -8.582449888096703727e-01 -2.372055234569783622e+00 -5.168578783289180301e+00
8.000000000000000000e+00 -8.022822331539261054e-01 -2.144192036433380188e+00 -4.188183444170085146e+00 -1.607739790817018344e+00 -1.644721879113648200e+00 -4.122855925080438411e+00 -4.602236881359207388e-01 -2.791013729745162486e+00 -4.794085786830553531e+00
9.000000000000000000e+00 -9.420182660428966237e-01 -2.374738914862314587e+00 -4.006635436768409164e+00 -1.766844389659008252e+00 -2.188615341654210233e+00 -4.439671094996073819e+00 -2.235242020527599127e-01 -2.976939972617650199e+00 -4.160323972610520116e+00
1.000000000000000000e+01 -1.097410027175945491e+00 -2.586974218254781910e+00 -3.819243982993319353e+00 -1.652278034497913328e+00 -2.827578356162320894e+00 -4.551863354339940493e+00 -2.813370825920348262e-01 -2.913654165113736205e+00 -3.458959149232062824e+00
1.100000000000000000e+01 -1.272601935323989464e+00 -2.773082354369294400e+00 -3.625436969182771474e+00 -1.406523941189172788e+00 -3.419939311915446645e+00 -4.308182143328425973e+00 -6.407369610877999833e-01 -2.655791056032369646e+00 -2.925801774479175776e+00
1.200000000000000000e+01 -1.472941145950462216e+00 -2.920310838557081290e+00 -3.425352714199497051e+00 -1.233810465614469054e+00 -3.798099010486959415e+00 -3.698856723204936969e+00 -1.174548917192562492e+00 -2.322407035162709743e+00 -2.750094896989330628e+00
1.300000000000000000e+01 -1.704025769137395674e+00 -3.008018503249063613e+00 -3.221530242010278045e+00 -1.284288506160488286e+00 -3.797121284940927044e+00 -2.899602563804726696e+00 -1.684718513922986993e+00 -2.089851675855596280e+00 -2.978431687982696641e+00
1.400000000000000000e+01 -1.966694535649836428e+00 -3.007365403235656043e+00 -3.022805826319252986e+00 -1.507178857973157760e+00 -3.345469239130763217e+00 -2.263180169747308845e+00 -2.071337083725359740e+00 -2.149783434048661679e+00 -3.417904678832923704e+00
1.500000000000000000e+01 -2.245817891123513821e+00 -2.897215991816414427e+00 -2.847579479741509711e+00 -1.690949883801545983e+00 -2.656611853908875442e+00 -2.114960108394888127e+00 -2.476599575893764893e+00 -2.494071555719793221e+00 -3.676261793791316013e+00
1.600000000000000000e+01 -2.512209158106883056e+00 -2.693712455747784951e+00 -2.712655121352765875e+00 -1.827755232847506850e+00 -2.098699814200542857e+00 -2.429842850409645649e+00 -2.997554351586224186e+00 -2.824801714831486787e+00 -3.518729342078988243e+00
1.700000000000000000e+01 -2.750143766105058951e+00 -2.435609354341860211e+00 -2.617214527856958295e+00 -2.100702761309250821e+00 -1.817535866886902607e+00 -2.931398463466462712e+00 -3.472699119215291841e+00 -2.909537350437440217e+00 -3.011937235854072359e+00
1.800000000000000000e+01 -2.961091989754980780e+00 -2.149741953305655873e+00 -2.551331010698743018e+00 -2.596528236838757220e+00 -1.758602022744439441e+00 -3.336571626548563430e+00 -3.715179260788629811e+00 -2.695073422687688680e+00 -2.360370344155453992e+00
1.900000000000000000e+01 -3.150726656897375300e+00 -1.849105377526351957e+00 -2.506440297971395559e+00 -3.245355602832436404e+00 -1.792382465114796375e+00 -3.450012167941441721e+00 -3.659223634139057602e+00 -2.233867288185729549e+00 -1.802246364284220803e+00
2.000000000000000000e+01 -3.323915298609752433e+00 -1.539886373554572030e+00 -2.476824012228629801e+00 -3.878783305931719827e+00 -1.780490511462111014e+00 -3.209443383575251385e+00 -3.376655677103729492e+00 -1.638483170127877475e+00 -1.533427423204801299e+00
2.100000000000000000e+01 -3.484207108524008945e+00 -1.225270022293253991e+00 -2.458748048490503546e+00 -4.314420278925398478e+00 -1.621100580177309292e+00 -2.696580470874987423e+00 -3.037654602424161077e+00 -1.041170003613384853e+00 -1.640702791540732397e+00
2.200000000000000000e+01 -3.634146220061943211e+00 -9.070408342498503806e-01 -2.449699479954436043e+00 -4.436381626584513072e+00 -1.277671211531243411e+00 -2.101057147530761338e+00 -2.838653869403386487e+00 -5.512307620841897515e-01 -2.071425620708001514e+00
2.300000000000000000e+01 -3.775587060088115177e+00 -5.862732956754397318e-01 -2.447920930242526882e+00 -4.245621117165246261e+00 -7.838998380960937595e-01 -1.646352633140857558e+00 -2.922688911356493779e+00 -2.222367213882923409e-01 -2.654178343373427840e+00
2.400000000000000000e+01 -3.909914253025629893e+00 -2.636533345340852375e-01 -2.452138448736622234e+00 -3.862781229962983343e+00 -2.243783684933251810e-01 -1.504121594888826241e+00 -3.321607227702733312e+00 -4.020201290262288146e-02 -3.163801536733237274e+00
2.500000000000000000e+01 -4.038186762308538569e+00 6.035995540826667033e-02 -2.461399228539233874e+00 -3.483318754986571175e+00 3.009640933158057585e-01 -1.728779857192612290e+00 -3.942007862615149349e+00 6.400394281296777066e-02 -3.406511042352585505e+00
2.600000000000000000e+01 -4.161232407224185970e+00 3.854472017962045083e-01 -2.474971412468301768e+00 -3.302641342739684127e+00 7.150431258064908757e-01 -2.236879180626992536e+00 -4.600232357926382853e+00 1.837193513924752775e-01 -3.292947523155502321e+00
2.700000000000000000e+01 -4.244340125442391809e+00 6.127650966895566986e-01 -2.486682558073405325e+00 -3.379838696101565176e+00 4.941488140485109093e-01 -1.829321856077091635e+00 -5.306473008815581593e+00 8.197500594203569468e-01 -2.336391758801847462e+00
2.800000000000000000e+01 -4.173904932262621159e+00 9.290767750207281628e-01 -2.474613820026405175e+00 -3.854798468337747863e+00 9.108652112402847445e-01 -1.429914887224694731e+00 -5.111562541313340091e+00 1.144353327039581147e+00 -2.992310725049187603e+00
2.900000000000000000e+01 -4.080139588508604476e+00 1.239250428011092975e+00 -2.461980506830605986e+00 -4.406486848996294725e+00 1.416865744573740704e+00 -1.434601624001328402e+00 -4.542034012638804796e+00 1.337426604204455360e+00 -3.447155673470773785e+00
3.000000000000000000e+01 -3.963568086657277334e+00 1.541563631218433539e+00 -2.448673408024246267e+00 -4.779439579697797313e+00 1.932762461272392596e+00 -1.836403730959269565e+00 -3.799102181006109191e+00 1.403749323206162636e+00 -3.519894419721383727e+00
3.100000000000000000e+01 -3.824844877528619236e+00 1.834338284109573447e+00 -2.434587897010462854e+00 -4.792562011775046926e+00 2.339803528721894121e+00 -2.474380432112961881e+00 -3.135139341944640279e+00 1.426622806804029198e+00 -3.177307232950581817e+00
3.200000000000000000e+01 -3.664745642643968182e+00 2.115947879422275246e+00 -2.419623847352464274e+00 -4.410296867215127037e+00 2.540321675416993052e+00 -3.096097985409107078e+00 -2.747834655141408788e+00 1.535679740208528488e+00 -2.546581204088876227e+00
3.300000000000000000e+01 -3.484169429263607398e+00 2.384829846259833186e+00 -2.403685932157060723e+00 -3.749223784947192328e+00 2.516119583753144262e+00 -3.455381535626570688e+00 -2.702364602006765537e+00 1.843508115681110393e+00 -1.865810676310356797e+00
3.400000000000000000e+01 -3.284124637914153766e+00 2.639491263147064171e+00 -2.386681621175996248e+00 -3.020145056439986320e+00 2.353140604537627745e+00 -3.407404406166938404e+00 -2.913857606721483862e+00 2.381567674664551770e+00 -1.391728005712407068e+00
3.500000000000000000e+01 -3.065733893587294645e+00 2.878521187293773931e+00 -2.368529259214538385e+00 -2.433999287689616153e+00 2.215613320195049862e+00 -2.964365741107790164e+00 -3.194594670076316589e+00 3.068874170400561763e+00 -1.300486285852515689e+00
3.600000000000000000e+01 -2.830217981146317285e+00 3.100592997283665664e+00 -2.349149323097353914e+00 -2.114611871148564859e+00 2.277178969816201271e+00 -2.290385776023546871e+00 -3.341653061429317617e+00 3.733131798942103341e+00 -1.619846096678855707e+00
3.700000000000000000e+01 -2.578894992001313113e+00 3.304477009362254858e+00 -2.328471428887434413e+00 -2.055993079980808602e+00 2.638797349104940348e+00 -1.637819687817443581e+00 -3.223986744771682567e+00 4.179343143346375022e+00 -2.218824191182450889e+00
3.800000000000000000e+01 -2.313172975852719304e+00 3.489045026063915866e+00 -2.306432810991961180e+00 -2.139824347235805391e+00 3.272181907234798626e+00 -1.249797613821555187e+00 -2.830556153104090811e+00 4.277107194801639700e+00 -2.858545961854781048e+00
3.900000000000000000e+01 -2.034538747296601002e+00 3.653277280757680767e+00 -2.282975586984405947e+00 -2.200663757867577175e+00 4.018126322918945448e+00 -1.266685953367197692e+00 -2.261043838067754663e+00 4.026526743754739179e+00 -3.284442476486080231e+00
4.000000000000000000e+01 -1.744551052323966900e+00 3.796265106759239227e+00 -2.258052251156174695e+00 -2.105433685175430725e+00 4.645013285137423509e+00 -1.672435433617683209e+00 -1.668063044271889339e+00 3.569977024855467640e+00 -3.324119481189317327e+00
4.100000000000000000e+01 -1.444834415409275152e+00 3.917221944976315040e+00 -2.231623230457817630e+00 -1.809394247912553766e+00 4.944746417883332690e+00 -2.301233928804656603e+00 -1.181625560239615069e+00 3.140355301915203068e+00 -2.953256965105272247e+00
4.200000000000000000e+01 -1.137063931692887664e+00 4.015483563872179751e+00 -2.203656063584055413e+00 -1.364402090049502192e+00 4.824656593346694500e+00 -2.901591073824304701e+00 -8.528130425212818722e-01 2.965433145093487877e+00 -2.304413016742825171e+00
4.300000000000000000e+01 -8.229653533488843209e-01 4.090510139090755892e+00 -2.174129230817115843e+00 -8.796331567331208134e-01 4.353612786215932395e+00 -3.232959186967456322e+00 -6.420137104858785193e-01 3.169123840726050911e+00 -1.615684320538615992e+00
4.400000000000000000e+01 -5.042933868358723259e-01 4.141895792424196365e+00 -2.143027463741514094e+00 -4.579805165944055290e-01 3.739635722246236860e+00 -3.157718598876940508e+00 -4.538112072837012789e-01 3.713684389780805173e+00 -1.139212049105516655e+00
4.500000000000000000e+01 -1.828330609775665749e-01 4.169363755268203242e+00 -2.110344340661353790e+00 -1.420714813663970233e-01 3.246336880271385450e+00 -2.693367498244482849e+00 -1.974213027452105251e-01 4.410014460368905986e+00 -1.044778508509409898e+00
4.600000000000000000e+01 1.396176158923339017e-01 4.172771632155806820e+00 -2.076085825044633459e+00 1.027296038998759542e-01 3.083194587765212713e+00 -2.005251033562604146e+00 1.602755390221268783e-01 4.993516605093962113e+00 -1.355316740667594777e+00
4.700000000000000000e+01 4.612529555168354278e-01 4.152113655818179261e+00 -2.040261849521720627e+00 3.609719229152528186e-01 3.317097692839868994e+00 -1.342946410759776610e+00 5.769739528800457151e-01 5.233713811372673774e+00 -1.938748748127071542e+00
4.800000000000000000e+01 7.802732567169883282e-01 4.107516366150369969e+00 -2.002894714798170384e+00 7.114171796818880011e-01 3.843901496194440881e+00 -9.449138818680768992e-01 9.612523517499429460e-01 5.030378530993842467e+00 -2.558887805707103169e+00
4.900000000000000000e+01 1.094893521728923957e+00 4.039240267976456522e+00 -1.964012902790930326e+00 1.173788049569080449e+00 4.432649338138439532e+00 -9.478628700077958991e-01 1.228358871063853108e+00 4.454449387712489106e+00 -2.965684892707755260e+00
5.000000000000000000e+01 1.403353450802518054e+00 3.947679580030438284e+00 -1.923655877147734117e+00 1.687725680134823492e+00 4.823155573429247056e+00 -1.335241403013263328e+00 1.355072904943323664e+00 3.716223474089552337e+00 -2.990263747025515784e+00
5.100000000000000000e+01 1.703926414190756411e+00 3.833358488150245602e+00 -1.881868748000911751e+00 2.137161763678019355e+00 4.834351200128342185e+00 -1.944133437861123470e+00 1.403007876444757329e+00 3.075251707227582454e+00 -2.608696708839568945e+00
5.200000000000000000e+01 1.994929104728266900e+00 3.696926787344959831e+00 -1.838706944883975680e+00 2.409587534304014511e+00 4.436562412507345066e+00 -2.527585336895527224e+00 1.495399931765456714e+00 2.731770746321064092e+00 -1.950519220570368528e+00
5.300000000000000000e+01 2.274734012938829153e+00 3.539159253623011647e+00 -1.794230833694090865e+00 2.460603530500107716e+00 3.757488110316330232e+00 -2.848432693482586320e+00 1.756364563168055781e+00 2.746873775424336639e+00 -1.249131864032762440e+00
5.400000000000000000e+01 2.541775234475597500e+00 3.360950821992374937e+00 -1.748512121530502172e+00 2.349589608726388335e+00 3.021428557795367009e+00 -2.768975370219999288e+00 2.241869949949717444e+00 3.024911172402010351e+00 -7.531772391940914080e-01
5.500000000000000000e+01 2.794557528478300412e+00 3.163309794103610795e+00 -1.701624432785970198e+00 2.224991244346012920e+00 2.450641320370734899e+00 -2.302669399546353191e+00 2.897985071392112033e+00 3.363285395762638075e+00 -6.325740537439331623e-01
5.600000000000000000e+01 3.031666139436269169e+00 2.947352087222725014e+00 -1.653653181162382024e+00 2.261979216679053550e+00 2.173333280427633962e+00 -1.608566682684065441e+00 3.570492122929458390e+00 3.544964113268431305e+00 -9.146778480962901581e-01
5.700000000000000000e+01 3.251774318180513212e+00 2.714297759904723772e+00 -1.604685353813763316e+00 2.579442326079943726e+00 2.178079994761681348e+00 -9.308925420666522843e-01 4.065883511766712033e+00 3.431111992010201117e+00 -1.474453904157905892e+00
5.800000000000000000e+01 3.453648787303834844e+00 2.465463049005936380e+00 -1.554816047400952694e+00 3.175454143602342683e+00 2.331957979273639125e+00 -5.067980968764526084e-01 4.238226182789448515e+00 3.013170921069910246e+00 -2.082083355173928840e+00
5.900000000000000000e+01 3.636160506167594342e+00 2.202248866202246358e+00 -1.504145035230466831e+00 3.914057021978882389e+00 2.450296314764848660e+00 -4.771091901425116300e-01 4.061988644479411548e+00 2.403900486525596403e+00 -2.489824013821801962e+00
6.000000000000000000e+01 3.798285952614481431e+00 1.926140952678089269e+00 -1.452776189947221575e+00 4.573680175141991100e+00 2.383253098369980449e+00 -8.336083579558343226e-01 3.655059647723067684e+00 1.775580015644233400e+00 -2.525331331325340933e+00
6.100000000000000000e+01 3.939119338972592921e+00 1.638693273535995365e+00 -1.400817637188975118e+00 4.938847002771799666e+00 2.078728135210759387e+00 -1.422492868386068032e+00 3.237630293992287633e+00 1.277244902344516486e+00 -2.156346723259556342e+00
6.200000000000000000e+01 4.057870134997694223e+00 1.341527560645086714e+00 -1.348379597995638335e+00 4.895546863160705975e+00 1.594414147094016965e+00 -2.002521239542268461e+00 3.041898430792416619e+00 9.706185241104560157e-01 -1.502601701616278929e+00
6.300000000000000000e+01 4.153872976104117321e+00 1.036314856804714912e+00 -1.295577583972074676e+00 4.486941150577050230e+00 1.057185302174424191e+00 -2.335859212801182139e+00 3.211076799808679993e+00 8.133693481030019878e-01 -7.906140669399639442e-01
6.400000000000000000e+01 4.226590997198373501e+00 7.247742319180934256e-01 -1.242525597483450817e+00 3.902410385981260887e+00 5.931412810116997170e-01 -2.277482923614617238e+00 3.732766321691682876e+00 6.941532784220781904e-01 -2.684843321169824715e-01
6.500000000000000000e+01 4.275614633883096261e+00 4.086617237240798839e-01 -1.189342632076348494e+00 3.402218336592404135e+00 2.645208095566605189e-01 -1.829621756642258790e+00 4.437792177392646309e+00 4.987040179772819215e-01 -1.127055655609759954e-01
6.600000000000000000e+01 4.300669910406131891e+00 8.975451346056903534e-02 -1.136146046750778682e+00 3.209116447877862655e+00 4.454013536500030929e-02 -1.140878061435501634e+00 5.067089617644072952e+00 1.720232253009824908e-01 -3.619430765527651972e-01
6.700000000000000000e+01 4.301615192194687687e+00 -2.301518017858728282e-01 -1.083054018283384767e+00 3.413779533844923719e+00 -1.589650796375609021e-01 -4.504108781811475004e-01 5.378822736285547634e+00 -2.548879916132700263e-01 -9.025855547542606105e-01
6.800000000000000000e+01 4.278443065240605137e+00 -5.492549772326074109e-01 -1.030183096131088272e+00 3.935540904255990569e+00 -4.452543081199102915e-01 1.881341559305403990e-03 5.249595576817892351e+00 -6.863606499110804782e-01 -1.511453360154860537e+00
6.900000000000000000e+01 4.231282982442584384e+00 -8.657605793053557708e-01 -9.776519356541759631e-01 4.555917887378866382e+00 -8.593886163404889089e-01 6.548166946742359218e-02 4.725776250069124274e+00 -1.019165133549865931e+00 -1.939680911213160996e+00
7.000000000000000000e+01 4.160396395858567686e+00 -1.177885945492143316e+00 -9.255728942725449659e-01 5.010424422508868325e+00 -1.360865605627548547e+00 -2.641137635435734654e-01 4.002738562175258252e+00 -1.204675981580081601e+00 -2.006305525960277780e+00
7.100000000000000000e+01 4.066178376987537035e+00 -1.483874406952974789e+00 -8.740587465279491264e-01 5.098647674768764126e+00 -1.839731445467531978e+00 -8.435722109296086568e-01 3.341537923868305171e+00 -1.282543774414879767e+00 -1.666471616790645482e+00
7.200000000000000000e+01 3.949156421424579122e+00 -1.782002352463088579e+00 -8.232181374527209883e-01 4.765027316792619594e+00 -2.173200850785371063e+00 -1.435486576478236298e+00 2.959805473918036611e+00 -1.366578260485720842e+00 -1.028559056917604186e+00
7.300000000000000000e+01 3.809980879199050818e+00 -2.070591570614343624e+00 -7.731552798527383530e-01 4.116319449507124695e+00 -2.294438564964167870e+00 -1.797657139345515631e+00 2.944255164817702664e+00 -1.587925790340602106e+00 -3.136900863803276929e-01
7.400000000000000000e+01 3.649431190602774322e+00 -2.348015908229818649e+00 -7.239716216291499640e-01 3.370231026414604258e+00 -2.237598730616916942e+00 -1.774405125740333045e+00 3.221688676403807960e+00 -2.023031821037882594e+00 2.273321081799859478e-01
7.500000000000000000e+01 3.468403241798020176e+00 -2.612711806133340531e+00 -6.757626650692926118e-01 2.759886270015837972e+00 -2.133691155481525659e+00 -1.355541010360400644e+00 3.598697765070290266e+00 -2.643165538292358008e+00 4.085120778869557046e-01
7.600000000000000000e+01 3.267907399064458929e+00 -2.863187633591671499e+00 -6.286180301293076145e-01 2.437264087020171388e+00 -2.155458576300837592e+00 -6.806436665821160581e-01 3.849835646290611813e+00 -3.313330441755844902e+00 1.790251477254745927e-01
7.700000000000000000e+01 3.049063979620584952e+00 -3.098031400283016268e+00 -5.826231899694160887e-01 2.417329373722906460e+00 -2.435124499110120411e+00 1.321355074288109444e-02 3.813611596129773851e+00 -3.845170950263259613e+00 -3.572200987518412973e-01
7.800000000000000000e+01 2.813096673775358880e+00 -3.315917864054355846e+00 -5.378550878389237733e-01 2.584665291634597573e+00 -2.993819185645136827e+00 4.807849121062470754e-01 3.454190161147431937e+00 -4.081878690989903191e+00 -9.804165871961552092e-01
7.900000000000000000e+01 2.561323230918723937e+00 -3.515616618435718266e+00 -4.943852741672550843e-01 2.755479069201461684e+00 -3.718203485363925864e+00 5.614648200899446939e-01 2.864123670444611136e+00 -3.976012361257066363e+00 -1.437732152709241484e+00
8.000000000000000000e+01 2.295149479345738541e+00 -3.695999532129167875e+00 -4.522767614884233844e-01 2.763576644875051613e+00 -4.399055736125156102e+00 2.404305899219157661e-01 2.211278648227287924e+00 -3.622225625553877837e+00 -1.539051029669778581e+00
8.100000000000000000e+01 2.016062917692754475e+00 -3.856045386157227028e+00 -4.115858757012578750e-01 2.530042302429615475e+00 -4.817802448258156289e+00 -3.452151219802360171e-01 1.658050512651200847e+00 -3.226278695902785376e+00 -1.229373798776261406e+00
8.200000000000000000e+01 1.725624769008492265e+00 -3.994847954461555162e+00 -3.723615036479017704e-01 2.086507401859953426e+00 -4.843596132839738999e+00 -9.579783211863925896e-01 1.291746991072988848e+00 -3.020825823609857963e+00 -6.102414804048243990e-01
8.300000000000000000e+01 1.425455456976786550e+00 -4.111619601149097747e+00 -3.346430634058634723e-01 1.545408601215463307e+00 -4.496792070828565357e+00 -1.349931702365383845e+00 1.097146954282361975e+00 -3.163795458628403168e+00 9.825327927498399283e-02
8.400000000000000000e+01 1.117234861568912940e+00 -4.205694753211560055e+00 -2.984618735437120640e-01 1.035974334712808975e+00 -3.948298213303065740e+00 -1.357093530253543179e+00 9.802938973236825504e-01 -3.664775950644596492e+00 6.407983776812126164e-01
8.500000000000000000e+01 8.026836081078965179e-01 -4.276536136900599416e+00 -2.638412453702567162e-01 6.397304954092515317e-01 -3.452424035817621473e+00 -9.622977199894126032e-01 8.274861812284974860e-01 -4.373719018964319361e+00 8.240444789199324882e-01
8.600000000000000000e+01 4.835608458631099893e-01 -4.323735809821336318e+00 -2.307964710566857980e-01 3.573046092090716996e-01 -3.240916750573866523e+00 -3.023372089784419070e-01 5.674113810433922822e-01 -5.039107064365673239e+00 5.906478309520604153e-01
8.700000000000000000e+01 1.616485289280795712e-01 -4.347018094715114245e+00 -1.993303178497098094e-01 1.208869493169064668e-01 -3.423991219718292456e+00 3.836928397334203877e-01 2.047064071583353240e-01 -5.411724803159536634e+00 4.171567189031608752e-02
8.800000000000000000e+01 -1.612529436735936628e-01 -4.346240957115835357e+00 -1.694420332582130817e-01 -1.571513971489384431e-01 -3.941893149163217203e+00 8.454677868470112934e-01 -1.906372452674354179e-01 -5.349354986082573760e+00 -6.012485382531717049e-01
8.900000000000000000e+01 -4.833396767023447893e-01 -4.321397634559652090e+00 -1.411179705334494605e-01 -5.272180839639872829e-01 -4.588665869286980836e+00 9.172767446687376536e-01 -5.302456476505845728e-01 -4.876818570437063016e+00 -1.080725897489933640e+00
9.000000000000000000e+01 -8.028117133268910521e-01 -4.272615241883631398e+00 -1.143379746826930776e-01 -9.684838375626050322e-01 -5.098066911139348178e+00 5.818933024287133993e-01 -7.640709487302110858e-01 -4.175173079097241668e+00 -1.201793104901854869e+00
9.100000000000000000e+01 -1.117884311435695111e+00 -4.200153708969835975e+00 -8.907141807616754392e-02 -1.396806113712960595e+00 -5.254332318914961775e+00 -2.225000187921172268e-02 -9.152300054909048299e-01 -3.505033270413107971e+00 -9.071766542375879760e-01
9.200000000000000000e+01 -1.426795633913538808e+00 -4.104406708879441368e+00 -6.528066429073128840e-02 -1.711166923553223640e+00 -4.979882790799575076e+00 -6.536954687912917006e-01 -1.072913793666749882e+00 -3.097753706324532175e+00 -2.997451207094592451e-01
9.300000000000000000e+01 -1.727819051013405272e+00 -3.985899393376193700e+00 -4.292034437501168753e-02 -1.854398614940734547e+00 -4.362873834407345441e+00 -1.060478184210771335e+00 -1.345286683746538259e+00 -3.061715534406918238e+00 3.965220373587772240e-01
9.400000000000000000e+01 -2.019274416667929728e+00 -3.845282501041371148e+00 -2.193468655155243058e-02 -1.855313540587539833e+00 -3.614446589786212360e+00 -1.077106772421411840e+00 -1.795950162601865685e+00 -3.343385101583066898e+00 9.224071805134567148e-01
9.500000000000000000e+01 -2.299530376262598708e+00 -3.683329377890519396e+00 -2.261851820389696767e-03 -1.827513428139607043e+00 -2.976438225656771408e+00 -6.886007555584081619e-01 -2.397507851939970180e+00 -3.757845289908565700e+00 1.083280968264569655e+00
9.600000000000000000e+01 -2.567023333223762194e+00 -3.500935843251674839e+00 1.616656659032889021e-02 -1.921483848235819636e+00 -2.621140357613501948e+00 -3.669592103741101119e-02 -3.028913836342901789e+00 -4.072748222208229407e+00 8.244017383537145527e-01
9.700000000000000000e+01 -2.820257020630709377e+00 -3.299108503218526778e+00 3.342665727442713230e-02 -2.250690736498423661e+00 -2.586440995411475541e+00 6.344718828538550293e-01 -3.522317974616573366e+00 -4.106998696624597045e+00 2.524715786439215570e-01
9.800000000000000000e+01 -3.057817367013070609e+00 -3.078965693329436704e+00 4.960253622514467636e-02 -2.827267593667004419e+00 -2.772131139976884651e+00 1.072469378872816348e+00 -3.740129785031355070e+00 -3.800914748303252821e+00 -4.051446691730352101e-01
9.900000000000000000e+01 -3.278375999468945423e+00 -2.841726108314205135e+00 6.478241675811409472e-02 -3.540758950829546947e+00 -2.994863738816707421e+00 1.114192855674354332e+00 -3.646296727500098811e+00 -3.229473169441597236e+00 -8.880257520261887194e-01
1.000000000000000000e+02 -3.480702801689137260e+00 -2.588704996749711995e+00 7.906122014002438247e-02 -4.194430922606706247e+00 -3.073525982604230933e+00 7.492085370327548066e-01 -3.335986741763631969e+00 -2.557130118925585283e+00 -1.003351435917741563e+00
1.010000000000000000e+02 -3.663664974264527530e+00 -2.321306522174616305e+00 9.253817467017196041e-02 -4.586574289965684059e+00 -2.905085016521400831e+00 1.241327409628325273e-01 -3.005645285097184427e+00 -1.958809295691622987e+00 -7.006591223084877029e-01
1.020000000000000000e+02 -3.826243095828427698e+00 -2.041012451195101107e+00 1.053165315082771475e-01 -4.601636378663314986e+00 -2.498124685408317447e+00 -5.138516308491997142e-01 -2.872897424600008520e+00 -1.545117643934197815e+00 -9.160251099830950261e-02
1.030000000000000000e+02 -3.967526935898167295e+00 -1.749379514355776877e+00 1.175056866316172566e-01 -4.269162595428067419e+00 -1.953007677335616643e+00 -9.125950985575874697e-01 -3.080246440473171532e+00 -1.325013394945745437e+00 5.931128603288277068e-01
1.040000000000000000e+02 -4.086729125327515533e+00 -1.448027489320487859e+00 1.292154268669122308e-01 -3.761190570233571506e+00 -1.403113612228175322e+00 -9.126882941322410625e-01 -3.626023294042038714e+00 -1.219276048898517706e+00 1.093050696429833879e+00
1.050000000000000000e+02 -4.183184641550955263e+00 -1.138629593950579277e+00 1.405608737837449607e-01 -3.325796349372563299e+00 -9.486878265376398334e-01 -5.093346595925585252e-01 -4.355678444006262140e+00 -1.113186278566409504e+00 1.219057069167748475e+00
1.060000000000000000e+02 -4.256354056049458379e+00 -8.229036228454020829e-01 1.516569255427968332e-01 -3.183669774163663035e+00 -6.158511018033223650e-01 1.456966897858681664e-01 -5.020280479446318722e+00 -9.190146435583022022e-01 9.267269472367123395e-01
1.070000000000000000e+02 -4.305829086138432515e+00 -5.026048025070082304e-01 1.626217395643273500e-01 -3.432431849155118897e+00 -3.584649427867424021e-01 8.029007925831926906e-01 -5.378822736285545858e+00 -6.164077482788136164e-01 3.337675513174437336e-01
1.080000000000000000e+02 -4.331336098085856179e+00 -1.795124892352894796e-01 1.735722848130621110e-01 -4.001324038824019880e+00 -9.789027427377634816e-02 1.211834385362117850e+00 -5.300434432886289571e+00 -2.520915807065443048e-01 -3.255641633934742152e-01
1.090000000000000000e+02 -4.332732773278664240e+00 1.445791722297080917e-01 1.846282945933457043e-01 -4.677429855975454132e+00 2.234499351621830887e-01 1.218320798750539780e+00 -4.821585570976949953e+00 9.768578526552910979e-02 -7.912718114085883769e-01
1.100000000000000000e+02 -4.310011697708688416e+00 4.678689030311745101e-01 1.959060595430520690e-01 -5.193147315248870299e+00 6.048468582864752197e-01 8.242892782082192893e-01 -4.132539604286879609e+00 3.792109619671568677e-01 -8.784313983870754017e-01
1.110000000000000000e+02 -4.263303350335061026e+00 7.885596081121271084e-01 2.075220296404463594e-01 -5.337460642313356374e+00 9.868578244136010369e-01 1.870226434177266750e-01 -3.498333726337957472e+00 5.980433612929622056e-01 -5.488387051453252896e-01
1.120000000000000000e+02 -4.192868157155290376e+00 1.104870320517473914e+00 2.195910265064908440e-01 -5.042895244112969522e+00 1.287849892131550433e+00 -4.418684345885702247e-01 -3.148405143324119138e+00 8.193094869042845119e-01 7.430193408781020359e-02
1.130000000000000000e+02 -4.099101873708654864e+00 1.415043884986509681e+00 2.322240093362021585e-01 -4.410855525038169134e+00 1.457360201789182019e+00 -8.139956636388238076e-01 -3.182648180102994218e+00 1.130266454760271211e+00 7.543074029547687243e-01
1.140000000000000000e+02 -3.982530371857327722e+00 1.717358054119678457e+00 2.455308493235169309e-01 -3.665321243042454213e+00 1.516253530656648030e+00 -7.803791755408554520e-01 -3.534060524120771873e+00 1.584672462129148807e+00 1.232863755287494367e+00
1.150000000000000000e+02 -3.843807162728666071e+00 2.010132707010818365e+00 2.596163603372998452e-01 -3.056397477050374789e+00 1.559392740398990895e+00 -3.489685860627721459e-01 -4.002770585574129569e+00 2.159459817177517227e+00 1.330124568747453218e+00
1.160000000000000000e+02 -3.683709209556782938e+00 2.291742147634497684e+00 2.745798326880168339e-01 -2.756582589969266195e+00 1.715506610839195645e+00 3.187041473393948388e-01 -4.344711104565291748e+00 2.749498816135656387e+00 1.014235556962412188e+00
1.170000000000000000e+02 -3.503131714463656010e+00 2.560623303235249892e+00 2.905185840097462835e-01 -2.794615340353951538e+00 2.081602984315107818e+00 9.702981673403159313e-01 -4.374830337077373343e+00 3.207607374358190100e+00 4.134408499607974963e-01
1.180000000000000000e+02 -3.303088204826966745e+00 2.815285531359290161e+00 3.075220588644838604e-01 -3.053702232510971726e+00 2.664234838435650676e+00 1.360397570858799865e+00 -4.039713438375727605e+00 3.413584115049022927e+00 -2.337516566243559024e-01
1.190000000000000000e+02 -3.084696178787343257e+00 3.054314644269190637e+00 3.256752569522689544e-01 -3.331572379984649501e+00 3.359202880600161922e+00 1.345308188135044825e+00 -3.429835782057459426e+00 3.339472958746132036e+00 -6.708789933869768740e-01
1.200000000000000000e+02 -2.849180266346365897e+00 3.276387420184910582e+00 3.450549342504085071e-01 -3.432627465926985977e+00 3.984353414565259044e+00 9.382904051779124011e-01 -2.729656091020054021e+00 3.077320438584543183e+00 -7.224860520775562289e-01
1.210000000000000000e+02 -2.597857619221503711e+00 3.480271189053155467e+00 3.657319207869568212e-01 -3.249775291579005909e+00 4.354776414260328465e+00 3.040833750188935425e-01 -2.131457310724144349e+00 2.811605547611783606e+00 -3.615306813364910776e-01
1.220000000000000000e+02 -2.332135261052766140e+00 3.664839448965160784e+00 3.877714463558011304e-01 -2.800563366274698041e+00 4.367895741482474392e+00 -3.049355746884488405e-01 -1.753549735170048862e+00 2.744341882322295589e+00 2.806333775726400082e-01
1.230000000000000000e+02 -2.053501032496649614e+00 3.829070737733097474e+00 4.112289291824007820e-01 -2.205032433909456913e+00 4.058620780134390316e+00 -6.460799930046920991e-01 -1.599026193525327599e+00 3.004432438932269633e+00 9.652861848391298683e-01
1.240000000000000000e+02 -1.763514277216636117e+00 3.972059618181809526e+00 4.361523365576767119e-01 -1.620094589744223157e+00 3.596186741601730574e+00 -5.795778574322082433e-01 -1.570367046644129516e+00 3.582614039604479661e+00 1.438441243138377956e+00
1.250000000000000000e+02 -1.463796700609321988e+00 4.093016367877559958e+00 4.625810268899446243e-01 -1.164351518534406438e+00 3.219921765125587143e+00 -1.218799254785548070e-01 -1.528405081667012055e+00 4.324012248450408435e+00 1.528425647027646050e+00
1.260000000000000000e+02 -1.156027498605700643e+00 4.191276866158581527e+00 4.905478752754705574e-01 -8.694479924354805433e-01 3.139404093788549233e+00 5.611992571715098688e-01 -1.364094576376320589e+00 4.985361935775987519e+00 1.211446435658076082e+00
1.270000000000000000e+02 -8.419276385489329328e-01 4.266304561992001254e+00 5.200750265306463005e-01 -6.789745258502897229e-01 3.442191494983195543e+00 1.218531759968848105e+00 -1.047575896557518149e+00 5.334592802064697992e+00 6.201959469090173593e-01
1.280000000000000000e+02 -5.232566117285433194e-01 4.317689337920942450e+00 5.511773827913833967e-01 -4.915386323580097638e-01 4.050730044665588281e+00 1.610083708514887135e+00 -6.322676456056335326e-01 5.250195891779007695e+00 -7.486437281838675961e-03
1.290000000000000000e+02 -2.017953461776151869e-01 4.345157212243623945e+00 5.838601755054532161e-01 -2.229399552389299544e-01 4.749402232620568043e+00 1.598598890837674480e+00 -2.153020489235899504e-01 4.776285325118550418e+00 -4.198844339066393760e-01
1.300000000000000000e+02 1.206543909996646846e-01 4.348566143578381116e+00 6.181187626692182802e-01 1.459876941097810743e-01 5.271862174853382044e+00 1.201590051881764820e+00 1.224627800612552164e-01 4.107863319398084911e+00 -4.475333968432710918e-01
1.310000000000000000e+02 4.422897306241662108e-01 4.327908167240750004e+00 6.539427381921311122e-01 5.606692007697411384e-01 5.411724803159536634e+00 5.840579258239221305e-01 3.640084908797103225e-01 3.511236248497851875e+00 -6.749759416381884147e-02
1.320000000000000000e+02 7.613109715169397163e-01 4.283310789051611778e+00 6.913095425495917601e-01 9.269834377727974584e-01 5.108762701517676419e+00 -4.920826888443554509e-03 5.657555459216396798e-01 3.213385840282214190e+00 5.884726736598733243e-01
1.330000000000000000e+02 1.075931236528876234e+00 4.215034690877700996e+00 7.301913545568323727e-01 1.169420655239969520e+00 4.473143950042903327e+00 -3.272563323380098810e-01 8.239258033052578867e-01 3.308047110461569407e+00 1.284649284404235869e+00
1.340000000000000000e+02 1.384391165602470330e+00 4.123474002931686755e+00 7.705483802000276938e-01 1.281344491090651516e+00 3.737391796151548817e+00 -2.462499566277993046e-01 1.215444207885228778e+00 3.719030108484112862e+00 1.771267616164924341e+00
1.350000000000000000e+02 1.684962847277942544e+00 4.009151790436646934e+00 8.123351908586138315e-01 1.338978498874134004e+00 3.157522335559690418e+00 2.219308609392182940e-01 1.745157937879302068e+00 4.235997400597078411e+00 1.879327897384031054e+00
1.360000000000000000e+02 1.975966819528219176e+00 3.872720244320380090e+00 8.554975712828314371e-01 1.468995955706713374e+00 2.906800057342099564e+00 9.149551172204601901e-01 2.329023344490052772e+00 4.606026928334813419e+00 1.584311266601206247e+00
1.370000000000000000e+02 2.255771727738776988e+00 3.714953676524256565e+00 8.999734236536728327e-01 1.783754437595646891e+00 3.008062281080161160e+00 1.586311419718319238e+00 2.825327870471143754e+00 4.640133253182611384e+00 1.014887096400235000e+00
1.380000000000000000e+02 2.522812949275549776e+00 3.536745244893616302e+00 9.456921358172595271e-01 2.316032432655402928e+00 3.332522791693389497e+00 1.998826606805739425e+00 3.101476210012636514e+00 4.288355705222855363e+00 4.036723435588970843e-01
1.390000000000000000e+02 2.775595243278252688e+00 3.339104217004852160e+00 9.925798245617915017e-01 2.987575047083800506e+00 3.662998895382039155e+00 2.014201841354941180e+00 3.104581853231813682e+00 3.652185503470509076e+00 -1.051457761923313937e-03
1.400000000000000000e+02 3.012703854236217893e+00 3.123146510123970376e+00 1.040551076185381119e+00 3.630884027683670467e+00 3.791150934977303155e+00 1.644852533132861616e+00 2.899875951651579520e+00 2.931807270232429374e+00 -2.912875855821160653e-02
1.410000000000000000e+02 3.232811093287843995e+00 2.890092271327294515e+00 1.089519233900088979e+00 4.058284333926100551e+00 3.604575563355514323e+00 1.048710274985471536e+00 2.654539886843574337e+00 2.334579058236734284e+00 3.475198988321314686e-01
1.420000000000000000e+02 3.434686502103787120e+00 2.641256505981353531e+00 1.139388468765855089e+00 4.148414623021356995e+00 3.126077491835872024e+00 4.692411518731251507e-01 2.570037114086328067e+00 1.987192796755728574e+00 1.004707387759446124e+00
1.430000000000000000e+02 3.617197281274924237e+00 2.378043377624817101e+00 1.190059552483385463e+00 3.909689285629628586e+00 2.490790683458964594e+00 1.434964398539028130e-01 2.791396483684982499e+00 1.890185743940329122e+00 1.713130457169917964e+00
1.440000000000000000e+02 3.779323667414433707e+00 2.101934409653509750e+00 1.241428326219585543e+00 3.488724169246001594e+00 1.875652958638923451e+00 2.128830835783155628e-01 3.334834235737529795e+00 1.932261437340749399e+00 2.224889546853676681e+00
1.450000000000000000e+02 3.920156114079922816e+00 1.814487784958569216e+00 1.293386950524877399e+00 3.115869683927639855e+00 1.416682206001024236e+00 6.701457879857298794e-01 4.068970463568414075e+00 1.953579844444331304e+00 2.366729958876506945e+00
1.460000000000000000e+02 4.038906910105024117e+00 1.517321106141832354e+00 1.345825248537259267e+00 3.009056344501194857e+00 1.153055473937598885e+00 1.362344196061860968e+00 4.761696314006179875e+00 1.825193490104191074e+00 2.105000010165005708e+00
1.470000000000000000e+02 4.134910690904068709e+00 1.212108313780135171e+00 1.398626932194733330e+00 3.277522740745823171e+00 1.022167755503364805e+00 2.048523114425360614e+00 5.174946373858141158e+00 1.506169387831282069e+00 1.558032457842828844e+00
1.480000000000000000e+02 4.207627772305704283e+00 9.005687433406638354e-01 1.451678990230401700e+00 3.868853209910279034e+00 9.042355149097259792e-01 2.490319053411120365e+00 5.166879696190061821e+00 1.052761290404511607e+00 9.514480734096035786e-01
1.490000000000000000e+02 4.256652348683047649e+00 5.844551806994967569e-01 1.504861884090458402e+00 4.584686136021199232e+00 6.911922778198130723e-01 2.541470757387864765e+00 4.756138290334751773e+00 5.785008162284556166e-01 5.332468535114450736e-01
1.500000000000000000e+02 4.281707625206083279e+00 2.655479704359894333e-01 1.558058469416027769e+00 5.160283183444759558e+00 3.439372379804380153e-01 2.202664116419248863e+00 4.118529933703309887e+00 1.882194476882298462e-01 4.805851439102534761e-01
1.510000000000000000e+02 4.282652906994639963e+00 -5.435737888462774392e-02 1.611150239064377487e+00 5.374502996053521997e+00 -9.066827258851226090e-02 1.621205024618315171e+00 3.516023706983959940e+00 -7.897948829435801066e-02 8.331853435644580586e-01
1.520000000000000000e+02 4.259480438020413651e+00 -3.734617634675383990e-01 1.664020512362347937e+00 5.142616055560596422e+00 -5.104387527970144500e-01 1.035637034878135632e+00 3.188011307894271340e+00 -2.684034990466767079e-01 1.478352146606067841e+00
1.530000000000000000e+02 4.212319757549916943e+00 -6.899670338086100196e-01 1.716552910878719418e+00 4.551550493049752788e+00 -8.188940044360250026e-01 6.860882071372105262e-01 3.251755199314009914e+00 -4.809879928414412809e-01 2.193207373360194445e+00
1.540000000000000000e+02 4.141434110658519074e+00 -1.002092488516726387e+00 1.768631621894261707e+00 3.822326707041021621e+00 -9.838808362149576991e-01 7.239330194586421907e-01 3.655061905342209094e+00 -8.125705590501576259e-01 2.728360556144457938e+00
1.550000000000000000e+02 4.047216091787489312e+00 -1.308079984051729650e+00 1.820145510819812573e+00 3.216441023854653025e+00 -1.061996460415666865e+00 1.154705419162381341e+00 4.201151631440398937e+00 -1.293492456980586569e+00 2.901648106692664708e+00
1.560000000000000000e+02 3.930193196531913458e+00 -1.606208806966342717e+00 1.870986709080175725e+00 2.927295188307542873e+00 -1.174340495796815542e+00 1.835748789544945803e+00 4.633923774084472313e+00 -1.861288230840983049e+00 2.666759665598755102e+00
1.570000000000000000e+02 3.791018593999002206e+00 -1.894797147713102259e+00 1.921048977495023902e+00 3.003608908320710036e+00 -1.444057181101274567e+00 2.529633923895095560e+00 4.745621965907497852e+00 -2.382911454905012771e+00 2.130889735081550551e+00
1.580000000000000000e+02 3.630468905402723045e+00 -2.172221485328573731e+00 1.970232635718613512e+00 3.336673850343621517e+00 -1.926504496718894233e+00 2.993396851285405003e+00 4.460026971290381503e+00 -2.717943699561256476e+00 1.514627907479638713e+00
1.590000000000000000e+02 3.449440016905350070e+00 -2.436917294710770232e+00 2.018441922644560460e+00 3.714494714609076098e+00 -2.568206788993733447e+00 3.070138433787442001e+00 3.856401544008179805e+00 -2.792567178244748316e+00 1.068993216020867054e+00
1.600000000000000000e+02 3.248945113864410317e+00 -2.687394176616254793e+00 2.065586486037499281e+00 3.916439338905187029e+00 -3.218148690329509787e+00 2.748451642714291765e+00 3.126582271911630073e+00 -2.646936091034547189e+00 9.807146593015937386e-01
1.610000000000000000e+02 3.030101694420537228e+00 -2.922237943307599561e+00 2.111581326197391473e+00 3.805394602672224735e+00 -3.689956202468934077e+00 2.167130198795560680e+00 2.487312477223172280e+00 -2.429675776484955474e+00 1.301445882223202677e+00
1.620000000000000000e+02 2.794134388575311156e+00 -3.140124407078935587e+00 2.156349428327883011e+00 3.377581246135788362e+00 -3.848090644669635463e+00 1.563113049727009596e+00 2.088538696270141770e+00 -2.337975144012939932e+00 1.927771542019811601e+00
1.630000000000000000e+02 2.537234238160580801e+00 -3.344785998165981322e+00 2.203977621665540454e+00 2.747424966563801085e+00 -3.681597716493427708e+00 1.186169456795246102e+00 1.948736453967798710e+00 -2.536403500851871495e+00 2.644140483832923660e+00
1.640000000000000000e+02 2.266561928990327601e+00 -3.531176732399955664e+00 2.250316468243364731e+00 2.090185082641473180e+00 -3.316251272239717718e+00 1.193787003049447959e+00 1.989881499252527775e+00 -3.052653746901270004e+00 3.192664857132278655e+00
1.650000000000000000e+02 1.983420241033809539e+00 -3.698386411847298216e+00 2.295316449646126244e+00 1.559704427828469520e+00 -2.968853752554792447e+00 1.601196110870967138e+00 2.058645770075631987e+00 -3.777280042060428222e+00 3.382363984869021678e+00
1.660000000000000000e+02 1.689176623766591945e+00 -3.845595520850167315e+00 2.338933486192470212e+00 1.227478619518898917e+00 -2.857765222334161859e+00 2.271229030109622737e+00 2.010220687014383500e+00 -4.493798660391894906e+00 3.157663215880843310e+00
1.670000000000000000e+02 1.385247646332862459e+00 -3.972083416606885020e+00 2.381129278898923118e+00 1.063722271426559729e+00 -3.107130013875738950e+00 2.965965801167472549e+00 1.771075451137109624e+00 -4.965889802219055404e+00 2.619963116577775253e+00
1.680000000000000000e+02 1.073098486240751548e+00 -4.077227179287898018e+00 2.421875600905563530e+00 9.668796871031792861e-01 -3.687525001847595796e+00 3.436964724840036567e+00 1.361808385285678824e+00 -5.038112762416801615e+00 1.989553470945162994e+00
1.690000000000000000e+02 7.542344686776605300e-01 -4.160510606223758678e+00 2.461147776632699902e+00 8.232136568009380539e-01 -4.420998728585018078e+00 3.519894419721384615e+00 8.731322107234902319e-01 -4.705971319498424066e+00 1.522056953228331233e+00
1.700000000000000000e+02 4.301930376646136978e-01 -4.221518490147132319e+00 2.498930580859073380e+00 5.651292840642305748e-01 -5.050573647759924789e+00 3.197512139152169031e+00 4.108073288801659118e-01 -4.123380609188771473e+00 1.411019580594380596e+00
1.710000000000000000e+02 1.025359794118791967e-01 -4.259947058811756726e+00 2.535214050863368485e+00 1.995976420052443245e-01 -5.345772740720938110e+00 2.606746387243975338e+00 3.932800116601242735e-02 -3.542449446327523344e+00 1.713777105539206147e+00
1.720000000000000000e+02 -2.271580088541949038e-01 -4.275597619040296671e+00 2.569997888643904993e+00 -2.054233888281142839e-01 -5.199207344704532829e+00 1.986878175134951130e+00 -2.469854721613042869e-01 -3.210179526826820062e+00 2.329068366202188933e+00
1.730000000000000000e+02 -5.572982764577112391e-01 -4.268384364129793163e+00 2.603285505504750574e+00 -5.668683082929870665e-01 -4.672506333235549647e+00 1.588322148283536572e+00 -5.121472369158723836e-01 -3.265922887901964167e+00 3.035245331737943530e+00
1.740000000000000000e+02 -5.572982764577112391e-01 -4.268384364129793163e+00 2.603285505504750574e+00 -4.243092757889576072e-01 -3.778438607099959157e+00 1.800311607504579747e+00 -9.551807756187205012e-01 -5.102558680198216123e+00 2.823155301686874008e+00
1.750000000000000000e+02 -8.493307152340745514e-01 -4.115008980845462183e+00 2.648503060107313178e+00 -1.002389459376983760e+00 -4.119818845018657250e+00 1.710926457344621010e+00 -1.050052129212522001e+00 -4.705694770228729951e+00 3.364953485601749783e+00
1.760000000000000000e+02 -1.138129036850958009e+00 -3.957695140095496722e+00 2.696659355980907780e+00 -1.533522069298944857e+00 -4.447385385215291365e+00 1.985064096211632823e+00 -1.048263445548943240e+00 -4.088212355406109388e+00 3.633350037053108217e+00
1.770000000000000000e+02 -1.423115849393820298e+00 -3.795951387103374319e+00 2.748149889114918309e+00 -1.917501759415583429e+00 -4.578904102942616738e+00 2.535858540417176066e+00 -1.058822412396250856e+00 -3.426707283606362786e+00 3.544045035345366745e+00
1.780000000000000000e+02 -1.703547108084447537e+00 -3.629181796391615755e+00 2.803461500901920367e+00 -2.103238151048279381e+00 -4.408763712033069382e+00 3.170883747070119441e+00 -1.191909979376855055e+00 -2.908612507256462365e+00 3.152040542272898538e+00
1.790000000000000000e+02 -1.978443477657019445e+00 -3.456654616387523138e+00 2.863202877873046504e+00 -2.111432478325772966e+00 -3.946600373417357588e+00 3.666176775873217331e+00 -1.516260714688441480e+00 -2.659731514109607620e+00 2.631253179294939404e+00
1.800000000000000000e+02 -2.246483941174002741e+00 -3.277459248889812216e+00 2.928148421847604599e+00 -2.031617481981339512e+00 -3.310371011923185502e+00 3.852945275523071533e+00 -2.029312885423399493e+00 -2.696812776671260181e+00 2.208296765709814036e+00
1.810000000000000000e+02 -2.505835157373458522e+00 -3.090447222563981189e+00 2.999302527715301370e+00 -1.993323330126284265e+00 -2.676764581668519050e+00 3.683917966887920503e+00 -2.651607857526274259e+00 -2.923647483938947467e+00 2.075490768164266697e+00
1.820000000000000000e+02 -2.753867347464407089e+00 -2.894152838480693823e+00 3.077995057664138834e+00 -2.120387852262343831e+00 -2.208422916873342245e+00 3.254001318265615783e+00 -3.248471959187092306e+00 -3.172312823971877638e+00 2.316093948244946521e+00
1.830000000000000000e+02 -2.986662508469692057e+00 -2.686694399723286164e+00 3.166023057307280730e+00 -2.483383074382049305e+00 -1.986530955329224968e+00 2.767298889042217436e+00 -3.672364987974972461e+00 -3.273812402401342414e+00 2.870042381364339423e+00
1.840000000000000000e+02 -3.198132829773753905e+00 -2.465683190489363685e+00 3.265852301717973472e+00 -3.065143829105000162e+00 -1.975737433459529457e+00 2.462878403717802644e+00 -3.812323749251752769e+00 -3.131214917743183168e+00 3.552796607201316625e+00
1.850000000000000000e+02 -3.378416832654954849e+00 -2.228272527170400252e+00 3.380852998523950603e+00 -3.747582915314616958e+00 -2.038184920947735623e+00 2.526403991634565305e+00 -3.636653530932019596e+00 -2.767087873394097119e+00 4.119427185953215442e+00
1.860000000000000000e+02 -3.511131131944279282e+00 -1.971861679820201108e+00 3.515325445197043042e+00 -4.317840681387263402e+00 -2.004222849906561965e+00 3.014653439280854386e+00 -3.224922013310038693e+00 -2.320686694680571094e+00 4.351331096743893845e+00
1.870000000000000000e+02 -3.570200469968417778e+00 -1.697109161429967372e+00 3.673186440056598112e+00 -4.505367204162809891e+00 -1.809369715329075756e+00 3.797124921951693821e+00 -2.792957241506452526e+00 -1.956209516723461217e+00 4.154081407483796617e+00
1.880000000000000000e+02 -3.524201597951920117e+00 -1.415973934786286970e+00 3.852343391266767725e+00 -4.158337259524720331e+00 -1.628167971101661449e+00 4.527136436336006042e+00 -2.618614101465905897e+00 -1.648818142876004034e+00 3.684430136973767755e+00
1.890000000000000000e+02 -3.364915086990184268e+00 -1.156738701415075621e+00 4.036900519393546993e+00 -3.497904087658938010e+00 -1.646684458444909849e+00 4.839874417393717820e+00 -2.726215594314187030e+00 -1.179541182609155303e+00 3.334018591252826624e+00
1.900000000000000000e+02 -3.126344297095174252e+00 -9.409972274453127783e-01 4.208050429827760119e+00 -2.856241303490151928e+00 -1.713301475296799881e+00 4.690844921921604183e+00 -2.894472468098266749e+00 -5.571343039227645288e-01 3.370563289113139405e+00
1.910000000000000000e+02 -2.846482546155960414e+00 -7.666080157480247292e-01 4.360807311752770588e+00 -2.370370167479046053e+00 -1.585403186618657534e+00 4.287380674695490335e+00 -2.974879829008625354e+00 -1.148023552430981267e-02 3.798849863817023831e+00
1.920000000000000000e+02 -2.545752343195371914e+00 -6.234586796742648263e-01 4.497958991611726631e+00 -2.057064634366572164e+00 -1.172811834002224440e+00 3.896381536025516290e+00 -2.904707365122881857e+00 2.554808969719050138e-01 4.464544730613276613e+00
1.930000000000000000e+02 -2.233543491948841719e+00 -5.032288843795008626e-01 4.623027093390084552e+00 -1.881855948105938925e+00 -5.525301240057033381e-01 3.741899827169667070e+00 -2.664517663896983635e+00 1.690204196374775203e-01 5.137655246877922188e+00
1.940000000000000000e+02 -1.914418234728829438e+00 -4.002324174248949595e-01 4.738725537948118571e+00 -1.781429234060075695e+00 8.971333960493897697e-02 3.935751639947947744e+00 -2.271609397953575638e+00 -2.006516717198833233e-01 5.596094769293625149e+00
1.950000000000000000e+02 -1.590806566233272434e+00 -3.106205615989839353e-01 4.847000216808761586e+00 -1.681641524042228886e+00 5.452813091312848082e-01 4.444904459407280406e+00 -1.774967604309185099e+00 -6.722346291615156622e-01 5.705964696979904716e+00
1.960000000000000000e+02 -1.264114387643547222e+00 -2.317149918726357227e-01 4.949252501291330653e+00 -1.517071515868583909e+00 6.697539769442975022e-01 5.110082814168840137e+00 -1.242241125115991496e+00 -1.026307428719720471e+00 5.469487467140236703e+00
1.970000000000000000e+02 -9.352117962877763979e-01 -1.615885372625373573e-01 5.046514175709437389e+00 -1.247728758285910899e+00 4.419110685681605366e-01 5.710307346980164844e+00 -7.413040476902839071e-01 -1.091255742313512300e+00 5.021641039868532275e+00
1.980000000000000000e+02 -6.046672045384864358e-01 -9.881058265635735138e-02 5.139564009102019604e+00 -8.680842417343919148e-01 -2.636310983553552881e-02 6.049433685592453536e+00 -3.220188878132032584e-01 -8.099537931908249444e-01 4.576638380654447502e+00
1.990000000000000000e+02 -2.728685248157855514e-01 -4.228970939823951947e-02 5.229003699551278750e+00 -4.058575254845393498e-01 -5.322354664280734005e-01 6.031977597551449577e+00 -3.767379193591102737e-03 -2.619536914135344730e-01 4.344790881034148455e+00
