0.000000000000000000e+00 5.500000000000000000e+00 0.000000000000000000e+00 0.000000000000000000e+00 6.028655682822362749e+00 7.892381904688474670e-01 1.123600129409004986e-02 5.349726571861641133e+00 -6.990189984185982697e-01 -6.255320428606396810e-01
1.000000000000000000e+00 5.244442456160615329e+00 1.729888887779308937e-01 -1.270460615063986332e-01 5.846105953299762348e+00 7.023566481156000574e-01 -6.372134963590232459e-01 4.768596711755772155e+00 -6.355790573499580098e-01 -2.763400802289450175e-01
2.000000000000000000e+00 4.986104964312801258e+00 3.477085057780961441e-01 -2.448647742804949956e-01 5.409213541921407575e+00 4.297137022574503140e-01 -1.091478192142747217e+00 4.391079029330938077e+00 -2.782324834092120835e-01 1.509154864124475359e-01
3.000000000000000000e+00 4.724894801831585944e+00 5.242033096796155922e-01 -3.522163863150132856e-01 4.796443861949206244e+00 1.352110494896048842e-01 -1.215967365190610439e+00 4.264809948719610944e+00 3.018389904826145331e-01 4.486431753342100537e-01
4.000000000000000000e+00 4.460755628698461095e+00 7.024899368594943461e-01 -4.476186614979579814e-01 4.160607560839043373e+00 -1.378972979755677120e-02 -9.947517134093939450e-01 4.329137370401131335e+00 9.566395575381145822e-01 4.582425885793873221e-01
5.000000000000000000e+00 4.193694037491901838e+00 8.825386360062121849e-01 -5.292919927727151030e-01 3.665038354669539089e+00 9.330044553736471791e-02 -5.405279940668052951e-01 4.438625384014050823e+00 1.517623700655955421e+00 1.334112561627931459e-01
6.000000000000000000e+00 3.923820898772420129e+00 1.064244661889159005e+00 -5.950953529386796559e-01 3.412737298762838822e+00 4.737654899708544365e-01 -5.414442971928090653e-02 4.423773777025208354e+00 1.856548281721655425e+00 -4.376085486436017691e-01
7.000000000000000000e+00 3.651414902605442769e+00 1.247384728976376422e+00 -6.424571525478810496e-01 3.398006446097442179e+00 1.051030696702213385e+00 2.518186707750520448e-01 4.165433829628994111e+00 1.927910576389933128e+00 -1.060989246494829619e+00
8.000000000000000000e+00 3.377018076844573002e+00 1.431552144477291844e+00 -6.683130116531055265e-01 3.502851594819918368e+00 1.687728487513165287e+00 2.377993472862893753e-01 3.652183146716902584e+00 1.778346344204833507e+00 -1.508859243193935162e+00
9.000000000000000000e+00 3.101573788760000561e+00 1.616063976410785585e+00 -6.690780666035283097e-01 3.543909780159251177e+00 2.236818855926114846e+00 -1.020663821818126316e-01 2.994265749219822581e+00 1.522429983046278856e+00 -1.608342491532237739e+00
1.000000000000000000e+01 2.826611940026190872e+00 1.799837876314477114e+00 -6.407082160903809775e-01 3.355267622848553621e+00 2.589076066783324581e+00 -6.294722147962906744e-01 2.382697001398266679e+00 1.298193779212974963e+00 -1.314349609642013306e+00
1.100000000000000000e+01 2.554463511180347091e+00 1.981251792931569833e+00 -5.789404941378322178e-01 2.874707023679732742e+00 2.699448892740930805e+00 -1.111985537757485876e+00 2.003720030609021485e+00 1.222939304465096022e+00 -7.343232101778280896e-01
1.200000000000000000e+01 2.288433418405194431e+00 2.158035741617533532e+00 -4.798236861784732632e-01 2.191540824501055251e+00 2.588279683179911750e+00 -1.321252219088664415e+00 1.941632050181840485e+00 1.365861643040698459e+00 -8.651845033436666998e-02
1.300000000000000000e+01 2.032778814659114364e+00 2.327298732046428675e+00 -3.405888472291267455e-01 1.520306294972965322e+00 2.328593096877007884e+00 -1.140507743859413115e+00 2.119840244608265145e+00 1.739290601741904307e+00 4.004690088867008946e-01
1.400000000000000000e+01 1.792296412077840184e+00 2.485819850017514820e+00 -1.606788960056124704e-01 1.096142717329749328e+00 2.033583352965163460e+00 -6.225795173760546586e-01 2.326108494134456972e+00 2.296283006949032313e+00 6.019615475652837500e-01
1.500000000000000000e+01 1.571464570876384359e+00 2.630632477493494381e+00 5.757951006842754182e-02 1.042808888054021610e+00 1.841394287024646914e+00 4.634350877433723870e-02 2.324626781237306261e+00 2.927647848238126294e+00 5.545991821395435117e-01
1.600000000000000000e+01 1.373451067838657336e+00 2.759685349880472760e+00 3.092267024231536432e-01 1.299884142193030057e+00 1.878887523365075918e+00 6.574839295653964744e-01 1.989845599966506784e+00 3.474722921873277137e+00 4.154295809223937375e-01
1.700000000000000000e+01 1.199538023476496296e+00 2.872211079507918985e+00 5.878414786859671448e-01 1.658169044656413238e+00 2.204575660680258231e+00 1.084249107493463260e+00 1.373662156898210140e+00 3.777704916240176125e+00 3.592333034165046679e-01
1.800000000000000000e+01 1.049241557285220061e+00 2.968625989117951391e+00 8.869471905254231459e-01 1.871348641779081223e+00 2.765189505685055504e+00 1.317358085872486484e+00 6.720959813038076547e-01 3.746012924364102048e+00 4.920664902800889751e-01
1.900000000000000000e+01 9.208933668922919535e-01 3.050127035183114010e+00 1.200961226395707904e+00 1.772331283353659970e+00 3.401616779364480259e+00 1.433358373855056156e+00 1.261485467882117462e-01 3.408954265813036510e+00 8.239682695965213632e-01
2.000000000000000000e+01 8.122743610829913363e-01 3.118262701756969069e+00 1.525523710415878531e+00 1.340930043905354196e+00 3.907500892225816536e+00 1.536759711709968723e+00 -8.575721702677296943e-02 2.914533981559703335e+00 1.291998779660144203e+00
2.100000000000000000e+01 7.210671910267665297e-01 3.174630976594690512e+00 1.857420568914539993e+00 7.043745489005076577e-01 4.113023719008801038e+00 1.710313748259038924e+00 8.065077821360211452e-02 2.474921842704938868e+00 1.804752303794338708e+00
2.200000000000000000e+01 6.451016001185786441e-01 3.220718294824921113e+00 2.194352684699744316e+00 7.943654871162486586e-02 3.955899933682653025e+00 1.989338032776454046e+00 5.220705742455106213e-01 2.282981009189725352e+00 2.283863297490385413e+00
2.300000000000000000e+01 5.824541284844529931e-01 3.257836164691848335e+00 2.534696312820621689e+00 -3.170797269086033099e-01 3.509474433291571493e+00 2.361442092733960330e+00 1.032137725956703500e+00 2.435290919371260632e+00 2.688657286982611971e+00
2.400000000000000000e+01 5.314672337614945175e-01 3.287111141134848591e+00 2.877307719682111298e+00 -3.543365999780985209e-01 2.956656370679192847e+00 2.784295823586294016e+00 1.383959021277866519e+00 2.892937671019366164e+00 3.020083865008491131e+00
2.500000000000000000e+01 4.907312932955657514e-01 3.309498933059257464e+00 3.221379060920458670e+00 -3.792438952679733077e-02 2.520260742590410441e+00 3.210143059626368700e+00 1.418305540358047789e+00 3.495530894247535603e+00 3.307970778786041066e+00
2.600000000000000000e+01 4.590532492922961283e-01 3.325806852200461794e+00 3.566336781043516702e+00 4.931913724899229523e-01 2.377255959226480808e+00 3.606158784795301386e+00 1.104112640962323422e+00 4.022812473468155403e+00 3.590452028077920854e+00
2.700000000000000000e+01 4.529781657802476325e-01 3.328752948997651728e+00 3.645230979602471777e+00 2.481947012746543724e-01 2.550132671588729139e+00 2.906739386798776970e+00 9.212103058218179541e-04 3.633682472356841497e+00 4.591919342199229703e+00
2.800000000000000000e+01 6.285881977785479080e-01 3.100693439128238360e+00 3.794595718897527892e+00 -4.881795503796748648e-02 2.282731633737476784e+00 3.538439817893447081e+00 7.437525068443291421e-01 3.768839370296297453e+00 4.651260220152816593e+00
2.900000000000000000e+01 8.103828088706477306e-01 2.864385111894065528e+00 3.922143079351041450e+00 -2.401543160490127171e-02 2.260464405404350341e+00 4.286308509551760793e+00 1.422569450959581649e+00 3.667469962219678692e+00 4.339081165887117564e+00
3.000000000000000000e+01 9.972137094477463437e-01 2.621026544244257295e+00 4.027167309398126172e+00 3.837172985132735192e-01 2.399640570944954643e+00 4.903618893823555425e+00 1.817909663730630676e+00 3.309483244030849036e+00 3.812593786663706741e+00
3.100000000000000000e+01 1.187904044365151623e+00 2.371857487435798717e+00 4.109091085222187800e+00 1.067442531950514750e+00 2.577324122615411106e+00 5.175312214786661258e+00 1.841069096023824070e+00 2.748911858156578347e+00 3.318671535210245160e+00
3.200000000000000000e+01 1.381255720921905628e+00 2.118150003665902226e+00 4.167463114627046217e+00 1.800384470995792796e+00 2.671058744835406173e+00 5.011370705211380283e+00 1.571629950121052666e+00 2.088781416950518555e+00 3.092079377633516035e+00
3.300000000000000000e+01 1.576054833843397507e+00 1.861202466587579263e+00 4.201967706558883187e+00 2.336833907502827046e+00 2.590689181305315891e+00 4.489402539394474090e+00 1.220492486293116574e+00 1.448159820272500120e+00 3.255115561765109078e+00
3.400000000000000000e+01 1.771078733719025466e+00 1.602328021516479906e+00 4.212417709211069727e+00 2.521067580891851900e+00 2.296488875722400902e+00 3.826134962346184665e+00 1.034882888608811502e+00 9.318190185818900906e-01 3.762986620573315122e+00
3.500000000000000000e+01 1.965106273737354137e+00 1.342854941620185372e+00 4.198766166676680456e+00 2.356142617580641474e+00 1.803792985804057336e+00 3.288720418968015036e+00 1.187426267027910098e+00 6.080779817347150562e-01 4.419835787450006492e+00
3.600000000000000000e+01 2.156918903185552239e+00 1.084111722989816284e+00 4.161095518607339727e+00 2.002122361931879979e+00 1.177171206816483462e+00 3.083629100083395080e+00 1.698392121917601694e+00 4.959682555211240018e-01 4.959465624226255365e+00
3.700000000000000000e+01 2.345312600172840156e+00 8.274237650714399983e-01 4.099625056122055966e+00 1.704509900523554000e+00 5.166393148773330557e-01 3.271168314488712703e+00 2.425569046086366587e+00 5.611970370780816619e-01 5.156147119693034853e+00
3.800000000000000000e+01 2.529101982442135466e+00 5.741061055002767421e-01 4.014708216517300698e+00 1.684511698441422123e+00 -6.318294180905881241e-02 3.742518537061681805e+00 3.126319794764699012e+00 7.213052160238730970e-01 4.917603322141266275e+00
3.900000000000000000e+01 2.707126256464556846e+00 3.254520750645237825e-01 3.906828472497178240e+00 2.039617460122204573e+00 -4.601079168157701238e-01 4.268608057415418600e+00 3.564497437355305554e+00 8.616827918607723458e-01 4.320261568757244319e+00
4.000000000000000000e+01 2.878257563463101576e+00 8.273189775084310860e-02 3.776595813080327879e+00 2.698467937149049867e+00 -6.140612056330134738e-01 4.598612761399855309e+00 3.615090314704914043e+00 8.631150101149767107e-01 3.572547424279317152e+00
4.100000000000000000e+01 3.041407069597055646e+00 -1.528183695352889337e-01 3.624749105774315527e+00 3.450061650942328306e+00 -5.315389129610308405e-01 4.564498139482161321e+00 3.320429993981182992e+00 6.373178531710941286e-01 2.923759172353431079e+00
4.200000000000000000e+01 3.195530728919401930e+00 -3.800049821117548188e-01 3.452144588101339728e+00 4.034689250927653958e+00 -2.942810404403153335e-01 4.146422118458065853e+00 2.873111756392167315e+00 1.609889794690686493e-01 2.559436375262697183e+00
4.300000000000000000e+01 3.339633205537385408e+00 -5.976752235902100807e-01 3.259757270517061212e+00 4.256883001720630944e+00 -4.356397212124996088e-02 3.472286448051107755e+00 2.532910260073077069e+00 -5.050463080141249783e-01 2.528884573704827776e+00
4.400000000000000000e+01 3.472777944723369536e+00 -8.047367049471023659e-01 3.048670442670354586e+00 4.071137394717461611e+00 6.074544669396386709e-02 2.754624936794958678e+00 2.513815790332709632e+00 -1.223549670609135109e+00 2.734749865602213337e+00
4.500000000000000000e+01 3.594086214328550355e+00 -1.000152184372480546e+00 2.820073612542841612e+00 3.603047555833470472e+00 -1.038088774419660965e-01 2.195538192333311933e+00 2.890285259821953279e+00 -1.819121022535131083e+00 2.985936145584881629e+00
4.600000000000000000e+01 3.702749572822955582e+00 -1.182948921259342034e+00 2.575252604385390054e+00 3.096733776052557729e+00 -5.709267911686597419e-01 1.903143837056763488e+00 3.563281783473576603e+00 -2.138055320480769073e+00 3.086992416482592816e+00
4.700000000000000000e+01 3.798026722326490301e+00 -1.352228018766174822e+00 2.315586948524330335e+00 2.811253301228954005e+00 -1.261067492016285208e+00 1.855668761406073619e+00 4.300660413050628073e+00 -2.109169876023705648e+00 2.922178700167519683e+00
4.800000000000000000e+01 3.879253461731137165e+00 -1.507163219097306106e+00 2.042536634323741662e+00 2.910538467499367954e+00 -1.998619634672687440e+00 1.925835077374651760e+00 4.834365989376546047e+00 -1.780450306153666062e+00 2.497102969262925853e+00
4.900000000000000000e+01 3.945842364958810577e+00 -1.647010145116965196e+00 1.757636498674793879e+00 3.393739748596955152e+00 -2.569888686252772558e+00 1.950078259868771813e+00 4.972762874101852582e+00 -1.312521369784573233e+00 1.922287387063015496e+00
5.000000000000000000e+01 3.997290464297191814e+00 -1.771107988709961667e+00 1.462488408337017098e+00 4.095122354038144508e+00 -2.803109912259558634e+00 1.807391763414417873e+00 4.680441253670746704e+00 -9.259081191437708025e-01 1.350696335118107383e+00
5.100000000000000000e+01 4.033177025432117091e+00 -1.878885159338165245e+00 1.158751978595228938e+00 4.752769647108383566e+00 -2.639595589837537837e+00 1.470300159203850043e+00 4.092332537184081076e+00 -8.186403762852521027e-01 9.019673066706042075e-01
5.200000000000000000e+01 4.053168969459298054e+00 -1.969858475974776590e+00 8.481343777301986187e-01 5.116406757139302819e+00 -2.165271400962683668e+00 1.005916207498394499e+00 3.457182144694721959e+00 -1.085640015001970049e+00 6.104055802699046573e-01
5.300000000000000000e+01 4.057021594338018566e+00 -2.043642401419106136e+00 5.323803667508100190e-01 5.048889853620089241e+00 -1.585658011205156814e+00 5.303351395972808469e-01 3.035149347184623370e+00 -1.673845934800917812e+00 4.202031145096700726e-01
5.400000000000000000e+01 4.044583506405025730e+00 -2.099944955286225934e+00 2.132647511150207453e-01 4.579715157387978408e+00 -1.150131032434398515e+00 1.422467771289894767e-01 2.992731885433048689e+00 -2.394863199272888377e+00 2.270034046679940687e-01
5.500000000000000000e+01 4.015789799353839840e+00 -2.138574246030153780e+00 -1.074189244172267799e-01 3.889965168659410111e+00 -1.053562314559575164e+00 -1.292003021994727607e-01 3.338052227821125317e+00 -2.994025207109817899e+00 -5.810717994576819478e-02
5.600000000000000000e+01 3.970670842966601111e+00 -2.159433586816692952e+00 -4.278695964565892851e-01 3.236986624769883747e+00 -1.355204923903503333e+00 -3.357849050093224541e-01 3.921479290430900821e+00 -3.250450910470013888e+00 -4.564966411778161870e-01
5.700000000000000000e+01 3.909345854034535606e+00 -2.162529726696936994e+00 -7.462866776524987866e-01 2.851363525131711540e+00 -1.949911016928059349e+00 -5.759246267004995978e-01 4.498915190178850665e+00 -3.067755270366498088e+00 -9.091711946469063221e-01
5.800000000000000000e+01 3.832026240440254750e+00 -2.147966667633368409e+00 -1.060879361957685729e+00 2.848516173889607206e+00 -2.606291509077444779e+00 -9.335853056989518173e-01 4.829798391255691214e+00 -2.516782899131156270e+00 -1.309840682075697593e+00
5.900000000000000000e+01 3.739011754916020891e+00 -2.115946421311319714e+00 -1.369882265397341703e+00 3.189216324262397428e+00 -3.058509876881034373e+00 -1.423321520546304120e+00 4.769321627763392968e+00 -1.810377641132483895e+00 -1.566466381457744861e+00
6.000000000000000000e+01 3.630690658543019644e+00 -2.066770102120501829e+00 -1.671556308485893538e+00 3.701838588430772958e+00 -3.114815052224378711e+00 -1.971716720391676558e+00 4.319001116462030332e+00 -1.218466974102070166e+00 -1.658617298343519009e+00
6.100000000000000000e+01 3.507536709158992405e+00 -2.000834099035109226e+00 -1.964208748096843093e+00 4.153879159665954113e+00 -2.737394362846901075e+00 -2.447195612667874443e+00 3.618488612693539608e+00 -9.576668275914979045e-01 -1.659171497824104780e+00
6.200000000000000000e+01 3.370106259984120722e+00 -1.918629974506034230e+00 -2.246191573777770678e+00 4.341838010409246884e+00 -2.059031041217363356e+00 -2.725336812091835981e+00 2.885835163443602802e+00 -1.101571154183168311e+00 -1.706327828410432179e+00
6.300000000000000000e+01 3.219035713374693408e+00 -1.820736459171754085e+00 -2.515920961078498941e+00 4.163830109090872256e+00 -1.328307657914784334e+00 -2.757650721620981571e+00 2.332891315254888465e+00 -1.550254464297330603e+00 -1.937003799862282438e+00
6.400000000000000000e+01 3.055037057169200043e+00 -1.707824710900863519e+00 -2.771880650643484323e+00 3.649100170992856107e+00 -8.056937889819095755e-01 -2.608155924722807661e+00 2.089763822003892990e+00 -2.072796069933452667e+00 -2.413271771600578042e+00
6.500000000000000000e+01 2.878896903359608572e+00 -1.580647056265107153e+00 -3.012628138641346709e+00 2.937537312936677303e+00 -6.544344851212628988e-01 -2.436219752136829175e+00 2.165490090349678098e+00 -2.405391861138400866e+00 -3.078985273551815727e+00
6.600000000000000000e+01 2.691467044905486272e+00 -1.440036044391584724e+00 -3.236811197389712014e+00 2.221824646944300596e+00 -8.729763213927057564e-01 -2.429695975072165837e+00 2.455568755238498380e+00 -2.363349417757274029e+00 -3.771041446580321033e+00
6.700000000000000000e+01 2.493663649442288133e+00 -1.286899670924061434e+00 -3.443167140951906013e+00 1.677251198326415782e+00 -1.298155206224916203e+00 -2.717287625499056336e+00 2.788312798581788154e+00 -1.918807941675034989e+00 -4.284256110520455962e+00
6.800000000000000000e+01 2.286460368061646431e+00 -1.122216969281781829e+00 -3.630531829252274800e+00 1.405384560452736187e+00 -1.677798946786257073e+00 -3.301003192791770235e+00 2.988880238590217786e+00 -1.210604756592583042e+00 -4.462607641782555312e+00
6.900000000000000000e+01 2.070885168910435503e+00 -9.470284292256745395e-01 -3.797850989296560620e+00 1.409067369184731300e+00 -1.781132492846244197e+00 -4.042439935422259545e+00 2.936617828990463863e+00 -4.821170376949646119e-01 -4.275261355859474754e+00
7.000000000000000000e+01 1.848009938389475693e+00 -7.624366781095107681e-01 -3.944179031605943297e+00 1.602414057400123992e+00 -1.498794634783547908e+00 -4.712955336276489327e+00 2.597567228685130125e+00 2.559723390762647099e-02 -3.840626427459049808e+00
7.100000000000000000e+01 1.618949291382922429e+00 -5.695946161841717315e-01 -4.068689433542181710e+00 1.846961307813545838e+00 -8.887573857487836015e-01 -5.088347296975346268e+00 2.025704771739134991e+00 1.784286617724534230e-01 -3.384169805125134101e+00
7.200000000000000000e+01 1.384853116135863926e+00 -3.697036052313539267e-01 -4.170678364235466340e+00 1.998348495079178999e+00 -1.483183281003704890e-01 -5.047129277584202711e+00 1.337933840521073225e+00 5.666371085434440680e-03 -3.145762109515250593e+00
7.300000000000000000e+01 1.146896311058067663e+00 -1.640017083066629411e-01 -4.249565287212282882e+00 1.948058857637968710e+00 4.750519020305258300e-01 -4.628120321143434523e+00 6.748950431957619900e-01 -3.162934507207967316e-01 -3.276129331265596356e+00
7.400000000000000000e+01 9.062793598313567678e-01 4.623821876624023552e-02 -4.304902017263345648e+00 1.649969172574887288e+00 7.941276435316644289e-01 -4.020047489302959853e+00 1.608289451799949366e-01 -5.453344505174084755e-01 -3.768336496583219564e+00
7.500000000000000000e+01 6.642154826331425621e-01 2.597188916662469538e-01 -4.336369806539473792e+00 1.128085386510382593e+00 7.644476359773364482e-01 -3.485705778427275803e+00 -1.275481364188989497e-01 -4.835260233230733729e-01 -4.455756483761561526e+00
7.600000000000000000e+01 4.219252760963968507e-01 4.751250838720365577e-01 -4.343783838761170912e+00 4.670659498185287806e-01 5.022660460287740047e-01 -3.252554676314018511e+00 -1.779786222623834513e-01 -6.640702543756146770e-02 -5.078912958520167997e+00
7.700000000000000000e+01 1.806323740561304181e-01 6.911314979966274308e-01 -4.327094716824348986e+00 -2.104046436796709052e-01 2.301938542756240547e-01 -3.417049590000837966e+00 -4.403816405284394220e-02 6.082184592829003034e-01 -5.393024215385150200e+00
7.800000000000000000e+01 -5.844612780724417478e-02 9.064073583366185627e-01 -4.286387992654489665e+00 -7.745493458928061070e-01 1.751034222505706284e-01 -3.904358362153716122e+00 1.682979548667693503e-01 1.324687752611498404e+00 -5.269844225235058133e+00
7.900000000000000000e+01 -2.941050994644920924e-01 1.119627759558003532e+00 -4.221882230815405812e+00 -1.122467240150772483e+00 4.642201674611705076e-01 -4.500834559777671551e+00 3.269497337868271236e-01 1.847070646774909619e+00 -4.749777503926188693e+00
8.000000000000000000e+01 -5.251599199030199117e-01 1.329478955413716745e+00 -4.133929209440094787e+00 -1.208449316475135094e+00 1.066130216929631835e+00 -4.944681053441671637e+00 3.090306196770128411e-01 2.026050006389632063e+00 -4.022259472257266211e+00
8.100000000000000000e+01 -7.504499901933203709e-01 1.534665425502835578e+00 -4.023011991687581279e+00 -1.062501942293079260e+00 1.803299897523281681e+00 -5.034948566289970451e+00 3.818936184183563398e-02 1.867053801700240934e+00 -3.343952352748981838e+00
8.200000000000000000e+01 -9.688465718618211042e-01 1.733918046119522272e+00 -3.889744032916930827e+00 -7.890569455477711713e-01 2.430711149503379964e+00 -4.711760981236455592e+00 -4.862755107372109253e-01 1.528887798116013164e+00 -2.931285014864675631e+00
8.300000000000000000e+01 -1.179262113910228837e+00 1.926002048096820740e+00 -3.734860367093641997e+00 -5.416045613989517449e-01 2.745580095816679389e+00 -4.074333897774656599e+00 -1.179816834388646818e+00 1.253195983350536391e+00 -2.874111848001795089e+00
8.400000000000000000e+01 -1.380650808255960538e+00 2.109719808938494534e+00 -3.559220034851745762e+00 -4.765237484989992556e-01 2.679161629523692412e+00 -3.331519553179339788e+00 -1.890396096768383938e+00 1.255981035377634836e+00 -3.106621266019808481e+00
8.500000000000000000e+01 -1.572019320788394792e+00 2.283923785108113780e+00 -3.363795758750189879e+00 -6.985029272137560641e-01 2.329512864465545174e+00 -2.709237384709572982e+00 -2.442993536739190841e+00 1.629460693844855701e+00 -3.445263584528465373e+00
8.600000000000000000e+01 -1.752428226505888587e+00 2.447518203880080456e+00 -3.149672904994499145e+00 -1.216606575056139450e+00 1.920248456351130617e+00 -2.356932341679850218e+00 -2.699297626995187382e+00 2.298012740557001443e+00 -3.673737920268921986e+00
8.700000000000000000e+01 -1.921003400517400150e+00 2.599465628846759913e+00 -2.918039327689776474e+00 -1.929964742022320934e+00 1.703122321916244353e+00 -2.293503907480242354e+00 -2.612130574003265870e+00 3.048117931180314155e+00 -3.635403856178771154e+00
8.800000000000000000e+01 -2.076931599435823728e+00 2.738795703611559773e+00 -2.670182914508491656e+00 -2.653600539079181253e+00 1.847123594916712408e+00 -2.413415120476042564e+00 -2.252226747807714258e+00 3.619475994862072277e+00 -3.292462502480161479e+00
8.900000000000000000e+01 -2.219474621354532662e+00 2.864607442828012829e+00 -2.407481182546910237e+00 -3.179985427309206969e+00 2.362729769886873221e+00 -2.545665082236738375e+00 -1.792565029403350163e+00 3.817606842780383758e+00 -2.728566819895412721e+00
9.000000000000000000e+01 -2.347966798928414089e+00 2.976076179443694514e+00 -2.131394686575764919e+00 -3.356218232581171801e+00 3.094519860929962451e+00 -2.535072581817924942e+00 -1.450940189880121967e+00 3.598821352181332145e+00 -2.098437219117081476e+00
9.100000000000000000e+01 -2.461822172316478596e+00 3.072455945579586345e+00 -1.843457698079575380e+00 -3.147335750742414895e+00 3.785463546118648104e+00 -2.307404150249651842e+00 -1.409105326173967665e+00 3.090622670980388342e+00 -1.551885097878577202e+00
9.200000000000000000e+01 -2.560535470177526474e+00 3.153086030419339547e+00 -1.545272910756127160e+00 -2.658366762173260511e+00 4.185087755562322265e+00 -1.890177042580248656e+00 -1.739029983685244751e+00 2.538815856958797745e+00 -1.169298050701849334e+00
9.300000000000000000e+01 -2.643686632089895738e+00 3.217395243887682277e+00 -1.238500560775386949e+00 -2.102115406099758665e+00 4.155014766309388818e+00 -1.383849489079766126e+00 -2.367194152531012286e+00 2.204233354252557398e+00 -9.374834214155756129e-01
9.400000000000000000e+01 -2.710944612031528589e+00 3.264902295215457606e+00 -9.248460013930785983e-01 -1.721226717207623658e+00 3.726958793830031702e+00 -9.020688557778624439e-01 -3.094944024440345220e+00 2.253399831212847371e+00 -7.733088755283838989e-01
9.500000000000000000e+01 -2.762063543571362967e+00 3.295217967794475289e+00 -6.060560199831996897e-01 -1.693195464011955531e+00 3.089144379816767483e+00 -5.132611060979017648e-01 -3.670811445391019667e+00 2.689416714267085062e+00 -5.788988241594172912e-01
9.600000000000000000e+01 -2.796890893807607359e+00 3.308054057946148596e+00 -2.839042225768544370e-01 -2.056459806346256691e+00 2.507882080945234460e+00 -2.128945206393852985e-01 -3.888439617388065983e+00 3.351520456345868038e+00 -2.976294815916662451e-01
9.700000000000000000e+01 -2.815362385279079671e+00 3.303215589936826291e+00 3.981614994106497107e-02 -2.689538428477162846e+00 2.218204058929114986e+00 6.159690683816054779e-02 -3.671043467469585764e+00 3.982203190424975059e+00 5.832423616406101630e-02
9.800000000000000000e+01 -2.817508867061078170e+00 3.280608467007919415e+00 3.633030037509792365e-01 -3.354726191733666596e+00 2.329540824877863958e+00 3.839210801356092162e-01 -3.106557865665889651e+00 4.332544712167096357e+00 4.219247326828838851e-01
9.900000000000000000e+01 -2.803449152798971333e+00 3.240237050191169921e+00 6.847553843006906060e-01 -3.791160065983177230e+00 2.784752255444917779e+00 7.873174146958723529e-01 -2.416499887787689982e+00 4.261395244067263555e+00 7.173600069321874884e-01
1.000000000000000000e+02 -2.773395335472570888e+00 3.182206430780969431e+00 1.002385542338272595e+00 -3.820380963180912026e+00 3.387391165600292631e+00 1.237496080641628415e+00 -1.868878352976907298e+00 3.788180226853619104e+00 9.118225490449816117e-01
1.010000000000000000e+02 -2.727646798510807269e+00 3.106719028224793622e+00 1.314423124246578478e+00 -3.420628331528216215e+00 3.883429840218921569e+00 1.646167094074611148e+00 -1.669649492683137559e+00 3.079842872360647910e+00 1.043359523626061991e+00
1.020000000000000000e+02 -2.666591064159746782e+00 3.014076043262274407e+00 1.619134746737557862e+00 -2.737738396302282329e+00 4.062120794959537484e+00 1.919294381896618384e+00 -1.877662334102276676e+00 2.380219041305531746e+00 1.207584630736698639e+00
1.030000000000000000e+02 -2.590702389445675546e+00 2.904672483479888712e+00 1.914822485702307064e+00 -2.026495292382664015e+00 3.834828984174359690e+00 2.014999146385042739e+00 -2.379476172551077795e+00 1.913029468299178859e+00 1.507903476221661876e+00
1.040000000000000000e+02 -2.500537138793466063e+00 2.779000600197566673e+00 2.199842008368906754e+00 -1.545772126747127384e+00 3.262070411060993713e+00 1.979335090916132245e+00 -2.935887143482978523e+00 1.798369038294733713e+00 1.993959458001348661e+00
1.050000000000000000e+02 -2.396732628098492857e+00 2.637640819554451177e+00 2.472608354186914603e+00 -1.451103514718852461e+00 2.521741892666258700e+00 1.937903032023386984e+00 -3.281650542371087109e+00 2.014402694702593699e+00 2.621100920908556287e+00
1.060000000000000000e+02 -2.279999844308172374e+00 2.481261712993179991e+00 2.731604119852420798e+00 -1.730273269263232994e+00 1.835395573019621862e+00 2.042971081572945824e+00 -3.236699362680082181e+00 2.415616900811613288e+00 3.255026738178762535e+00
1.070000000000000000e+02 -2.151124889021245767e+00 2.310616299604177915e+00 2.975388304835957953e+00 -2.209765374745609634e+00 1.384403930516588499e+00 2.398978520699564410e+00 -2.781602327809097996e+00 2.795734435117506855e+00 3.724198004545157037e+00
1.080000000000000000e+02 -2.010960468736355367e+00 2.126538824015205886e+00 3.202607545354874130e+00 -2.629771253025479982e+00 1.248759710977503712e+00 3.002269389647525433e+00 -2.064746079714472327e+00 2.967156484457638133e+00 3.898326998844572344e+00
1.090000000000000000e+02 -1.860422945688334329e+00 1.929935092257304197e+00 3.411999565017591607e+00 -2.755861606200442182e+00 1.388937274506003128e+00 3.726749998956309540e+00 -1.337912778085292409e+00 2.825462770392186851e+00 3.756340046080719031e+00
1.100000000000000000e+02 -1.700485297076293589e+00 1.721783737286844529e+00 3.602400844633604660e+00 -2.479296657181158103e+00 1.672344227968362240e+00 4.366969709409012523e+00 -8.478233773511339999e-01 2.376993212576654635e+00 3.409461107642866029e+00
1.110000000000000000e+02 -1.532175536094320556e+00 1.503128733515290971e+00 3.772756186448443572e+00 -1.862645202629274799e+00 1.928858529434432034e+00 4.723072047465675105e+00 -7.305135152797184173e-01 1.724433556971028736e+00 3.064293973931306425e+00
1.120000000000000000e+02 -1.356566177988531408e+00 1.275069624108744248e+00 3.922120304858347506e+00 -1.110969699253963050e+00 2.011427382376169248e+00 4.690895832782168817e+00 -9.543325801254108898e-01 1.021735991651941955e+00 2.938460251411360691e+00
1.130000000000000000e+02 -1.174770969151216926e+00 1.038761098467959609e+00 4.049666888565138123e+00 -4.812925829014137458e-01 1.839934613645677786e+00 4.315684444916492168e+00 -1.336278972364809192e+00 4.190212664699282663e-01 3.164571225534860588e+00
1.140000000000000000e+02 -9.879393946816050764e-01 7.954021303552825106e-01 4.154691739497377689e+00 -1.700081971018808646e-01 1.416662357041223785e+00 3.782427953128179698e+00 -1.624318242687198044e+00 1.779158186542184605e-02 3.725855250216938863e+00
1.150000000000000000e+02 -7.972490597641979093e-01 5.462330735468223786e-01 4.236615515321436654e+00 -2.276533359229742648e-01 8.142054251159036582e-01 3.343694635420913386e+00 -1.609456533292838110e+00 -1.512308786168816699e-01 4.454374178256826688e+00
1.160000000000000000e+02 -6.038975467067239089e-01 2.925266827584738771e-01 4.294988427143051624e+00 -5.383729590356060024e-01 1.457922723511302643e-01 3.214371168827259595e+00 -1.218215606294724473e+00 -1.260575966593949770e-01 5.095585570469366665e+00
1.170000000000000000e+02 -4.090989441784655956e-01 3.557845316147298376e-02 4.329491515772978971e+00 -8.729698800468641551e-01 -4.691509873179348089e-01 3.478828158737471199e+00 -5.448502709482613282e-01 6.127486547084670665e-03 5.413124746283065392e+00
1.180000000000000000e+02 -2.140745339096006838e-01 -2.232952993909511075e-01 4.339943021727075134e+00 -9.919616395696154720e-01 -9.342290673153299529e-01 4.051808769596702220e+00 1.908139279041527192e-01 1.362498376818162549e-01 5.288809605037088524e+00
1.190000000000000000e+02 -2.004750428450957633e-02 -4.827690718059208796e-01 4.326289975890775352e+00 -7.530067951427406037e-01 -1.195529449392886967e+00 4.711386498609025253e+00 7.411670308600746271e-01 1.604139632123700032e-01 4.773978482421012970e+00
1.200000000000000000e+02 1.717657990562022063e-01 -7.415126908991587218e-01 4.288619948706589469e+00 -1.751400651457859503e-01 -1.250996938005115577e+00 5.190638203065750744e+00 9.409127960569800830e-01 2.652560772596623817e-03 4.069101329109075849e+00
1.210000000000000000e+02 3.601599302894322174e-01 -9.981997542426059855e-01 4.227149591891339320e+00 5.686385408364009741e-01 -1.150746775798334731e+00 5.288668625541170343e+00 7.807272238339251214e-01 -3.679925787439271012e-01 3.440056237956343743e+00
1.220000000000000000e+02 5.439488783127863769e-01 -1.251518308388699374e+00 4.142232646616548664e+00 1.227237677139684235e+00 -9.881693714980006593e-01 4.952985267364846678e+00 4.118224322656038883e-01 -9.273788952654906659e-01 3.107325989060378379e+00
1.230000000000000000e+02 7.219724784426941877e-01 -1.500171938361581914e+00 4.034352281711274912e+00 1.582340308825691100e+00 -8.806377085744425681e-01 4.297983992780157969e+00 7.926295722641996111e-02 -1.596180631527646554e+00 3.156137075837742501e+00
1.240000000000000000e+02 8.931038615885338317e-01 -1.742892317731517871e+00 3.904121019926299230e+00 1.545374630951749317e+00 -9.400426860127066853e-01 3.552648737421284064e+00 1.334528470403939515e-02 -2.253721606479318851e+00 3.505830864685696824e+00
1.250000000000000000e+02 1.056253965467706557e+00 -1.978442783424265272e+00 3.752273535873563937e+00 1.197785399246225069e+00 -1.237853548625621025e+00 2.961670825393165174e+00 3.268182573214681863e-01 -2.767295028953691283e+00 3.950247717082580046e+00
1.260000000000000000e+02 1.210376787398263376e+00 -2.205627902556319242e+00 3.579669279732194287e+00 7.567162067754356070e-01 -1.774890313996971614e+00 2.684005856472629237e+00 9.631787132782928529e-01 -3.032547776778064197e+00 4.249485952241522924e+00
1.270000000000000000e+02 1.354480101408035431e+00 -2.423299637479185087e+00 3.387281700616311397e+00 4.809630339408820232e-01 -2.468888316373747838e+00 2.732722705690541432e+00 1.718843390967397688e+00 -3.013291398220826256e+00 4.231499850193454648e+00
1.280000000000000000e+02 1.487623568956288445e+00 -2.630360519966596033e+00 3.176195028631175532e+00 5.581075765107792463e-01 -3.169972297937155403e+00 2.980299520792198731e+00 2.329713992632687525e+00 -2.764798191579355358e+00 3.859105984142833012e+00
1.290000000000000000e+02 1.608932436306689251e+00 -2.825776197798589351e+00 2.947597421756939617e+00 1.021912854185477615e+00 -3.704846699362545515e+00 3.223638822406065252e+00 2.584553926493902587e+00 -2.426927208796227475e+00 3.235067965483896302e+00
1.300000000000000000e+02 1.717595870948389614e+00 -3.008573136741705234e+00 2.702777811231363625e+00 1.735732587685543837e+00 -3.937907820987994079e+00 3.276854624134336813e+00 2.416156965126591949e+00 -2.183225374676287966e+00 2.546671711840082786e+00
1.310000000000000000e+02 1.812873020451922113e+00 -3.177852234248535801e+00 2.443112155370302130e+00 2.448994951014025645e+00 -3.827231362586995811e+00 3.049092124826658701e+00 1.931052036913764258e+00 -2.196330586981939614e+00 1.978132473530139546e+00
1.320000000000000000e+02 1.894100357601785412e+00 -3.332787632986279558e+00 2.170061064422989183e+00 2.902351357008603472e+00 -3.451232209047478516e+00 2.573738853995117370e+00 1.365243986063966020e+00 -2.542535385028288797e+00 1.632130711158561231e+00
1.330000000000000000e+02 1.960689260829460601e+00 -3.472634559005940869e+00 1.885160928774043620e+00 2.936462760799721572e+00 -2.990419570992990383e+00 1.979453312816751076e+00 9.852230696957245959e-01 -3.172702633723424537e+00 1.495207911699723446e+00
1.340000000000000000e+02 2.012137360167844946e+00 -3.596732402598939338e+00 1.590012838436268838e+00 2.558365296964747237e+00 -2.665844108936881618e+00 1.420782311989228663e+00 9.765873956858195371e-01 -3.919454771504816470e+00 1.459462192413147452e+00
1.350000000000000000e+02 2.048023083910979203e+00 -3.704508079782730334e+00 1.286276670226083718e+00 1.938000996709818624e+00 -2.654882778558874001e+00 1.003899196087951973e+00 1.367230069447062046e+00 -4.553116535610185700e+00 1.385978103090777624e+00
1.360000000000000000e+02 2.068015191437437394e+00 -3.795482489400885395e+00 9.756581869442961796e-01 1.337377075712483876e+00 -3.017241411001223561e+00 7.431388718622442546e-01 2.016669015340727622e+00 -4.868123330720637298e+00 1.176561648475186850e+00
1.370000000000000000e+02 2.071868490208665925e+00 -3.869266815308079810e+00 6.599047968500628691e-01 1.003000844895200139e+00 -3.663192332755440983e+00 5.671099886347934493e-01 2.674728398007561569e+00 -4.766501214982294954e+00 8.182934472766825174e-01
1.380000000000000000e+02 2.059430402275674865e+00 -3.925569369175200052e+00 3.407891812142678223e-01 1.066685936926510925e+00 -4.380848975472129148e+00 3.679205843795079200e-01 3.083827276497995040e+00 -4.303164918825663321e+00 3.806332970999459775e-01
1.390000000000000000e+02 2.030636695224488975e+00 -3.964198659919127010e+00 2.010550568202029709e-02 1.495100770090978415e+00 -4.915333510748292944e+00 6.591504102759149220e-02 3.081894199004114654e+00 -3.671222705765249117e+00 -3.066808696860956474e-02
1.400000000000000000e+02 1.985517738837249357e+00 -3.985058000705667514e+00 -3.003451663573373231e-01 2.106941090524179216e+00 -5.069890891483053608e+00 -3.445136855615791305e-01 2.664106077253263205e+00 -3.129641684882771280e+00 -3.369044712027282618e-01
1.410000000000000000e+02 1.924192152159967195e+00 -3.988153942179298195e+00 -6.187614708065272140e-01 2.648333629403822442e+00 -4.787664679498302434e+00 -7.918496522970892570e-01 1.980132027386617644e+00 -2.900474444370125582e+00 -5.328570368859570916e-01
1.420000000000000000e+02 1.846872462418391869e+00 -3.973590681059476104e+00 -9.333555527435901666e-01 2.893858090126731675e+00 -4.178775415878799748e+00 -1.168466091046946875e+00 1.270728351478249252e+00 -3.077442300245575968e+00 -6.914197420424421647e-01
1.430000000000000000e+02 1.753858053041452481e+00 -3.941570636793680471e+00 -1.242357058551369242e+00 2.731939770711103499e+00 -3.479039867046319845e+00 -1.393946361928293243e+00 7.717385061535055879e-01 -3.584880007991242845e+00 -9.233457886577582929e-01
1.440000000000000000e+02 1.645536880521158096e+00 -3.892394115546609967e+00 -1.544032499271795977e+00 2.201957672041676251e+00 -2.955378251854353877e+00 -1.466871281540772509e+00 6.249619221892894760e-01 -4.206114296176600043e+00 -1.312597524411921235e+00
1.450000000000000000e+02 1.522383007284425327e+00 -3.826458314517473092e+00 -1.836683541250868190e+00 1.471620648779051521e+00 -2.796370964957803906e+00 -1.476268887974802491e+00 8.301305339026217034e-01 -4.671289234869145268e+00 -1.861275294289661986e+00
1.460000000000000000e+02 1.384951884217039852e+00 -3.744253789525528564e+00 -2.118666987816950620e+00 7.674223810756002351e-01 -3.034009705882479757e+00 -1.563901119808716267e+00 1.253627002586547690e+00 -4.768813155460739139e+00 -2.474459240445048280e+00
1.470000000000000000e+02 1.233881935352830972e+00 -3.646360472597862667e+00 -2.388397151864400492e+00 2.882530616197642725e-01 -3.530462840747467190e+00 -1.853691314485757857e+00 1.686284721970238820e+00 -4.433504093232741639e+00 -2.996091892545625690e+00
1.480000000000000000e+02 1.069883355294631633e+00 -3.533448926383225164e+00 -2.644355443797512528e+00 1.360709505313926204e-01 -4.036411732019644205e+00 -2.382482117472290106e+00 1.924362457240262891e+00 -3.773556309693260502e+00 -3.281357566101037015e+00
1.490000000000000000e+02 8.937431253377452478e-01 -3.406271069691213960e+00 -2.885104329427250480e+00 2.877480776263448004e-01 -4.296751417810553697e+00 -3.067783505850066206e+00 1.841487027272821209e+00 -3.024183616074116010e+00 -3.271560151151131635e+00
1.500000000000000000e+02 7.063132668836249461e-01 -3.265660057817692419e+00 -3.109287388175614453e+00 6.141221290129668109e-01 -4.158619302026670184e+00 -3.731927662514531452e+00 1.426207764762051911e+00 -2.447345986657254890e+00 -3.033991840656554917e+00
1.510000000000000000e+02 5.085105453129385999e-01 -3.112524084813037106e+00 -3.315642710852656272e+00 9.340546632975637031e-01 -3.635310285688781118e+00 -4.175388596864675783e+00 7.755894900898951949e-01 -2.220517852367049905e+00 -2.744197459104648296e+00
1.520000000000000000e+02 3.013070242857225356e-01 -2.947840088132956726e+00 -3.503007914368147180e+00 1.080119058283099731e+00 -2.898400979277341971e+00 -4.267576158258403751e+00 5.256310666945540611e-02 -2.362549930176533142e+00 -2.614684790596588204e+00
1.530000000000000000e+02 8.573079314335729784e-02 -2.772652244245168873e+00 -3.670326403335742338e+00 9.517903813874953878e-01 -2.201663377586461134e+00 -4.013064882474278505e+00 -5.733877558310791489e-01 -2.728688050021174760e+00 -2.800162123024218630e+00
1.540000000000000000e+02 -1.371438396323869657e-01 -2.588060691535616797e+00 -3.816655222391847957e+00 5.402617154389071086e-01 -1.770098687738240084e+00 -3.560498544641042429e+00 -9.799748029606376587e-01 -3.076687033379915448e+00 -3.322250149196769087e+00
1.550000000000000000e+02 -3.662038127464268822e-01 -2.395219030073146627e+00 -3.941165003442931969e+00 -7.853089298857929279e-02 -1.702813259746985164e+00 -3.146574939229925150e+00 -1.123897454798103102e+00 -3.174754267283053544e+00 -4.049709786535267142e+00
1.560000000000000000e+02 -6.003012596312140570e-01 -2.195327420250849926e+00 -4.043153778274649390e+00 -7.750271149793654946e-01 -1.932276783390647790e+00 -2.997289732623256153e+00 -1.044736285493417904e+00 -2.903673330731976865e+00 -4.746204569814295837e+00
1.570000000000000000e+02 -8.382567930712840898e-01 -1.989626122195635727e+00 -4.122040857113034917e+00 -1.407852516912507568e+00 -2.257598473764716562e+00 -3.229119977212510761e+00 -8.449343984087678283e-01 -2.308122328468562579e+00 -5.167063294319865996e+00
1.580000000000000000e+02 -1.078873744297995207e+00 -1.779386195122734549e+00 -4.177377587164093242e+00 -1.863060047886578197e+00 -2.436590299506067758e+00 -3.794373682052444074e+00 -6.558225980167821101e-01 -1.574763787202832388e+00 -5.163639411421332426e+00
1.590000000000000000e+02 -1.320938219241426737e+00 -1.565905323816114469e+00 -4.208844599693501110e+00 -2.081717727146797259e+00 -2.295392933108781897e+00 -4.496279538199122072e+00 -6.005949950664842829e-01 -9.472969738512170279e-01 -4.749202554615939320e+00
1.600000000000000000e+02 -1.563228501925466363e+00 -1.350498929554069694e+00 -4.216260029547075128e+00 -2.071886605993189079e+00 -1.806653401404055614e+00 -5.068752696653655576e+00 -7.628041280984092509e-01 -6.166466027198067579e-01 -4.096518698301342631e+00
1.610000000000000000e+02 -1.804521403965733128e+00 -1.134492515429479376e+00 -4.199570907610253201e+00 -1.904769402228799535e+00 -1.101440308005296798e+00 -5.286959516485035593e+00 -1.165649557958754912e+00 -6.355233199408064637e-01 -3.467157386157362353e+00
1.620000000000000000e+02 -2.043599905829105001e+00 -9.192166550894897981e-01 -4.158864183440391216e+00 -1.696693607381179802e+00 -4.097315134086004784e-01 -5.060882332129523320e+00 -1.765052822616085093e+00 -8.955720781923882656e-01 -3.102734916843318036e+00
1.630000000000000000e+02 -2.287006333220808152e+00 -7.032324859906137204e-01 -4.093621185708244070e+00 -1.586321694391153114e+00 4.515249167035573219e-02 -4.471135024534776292e+00 -2.469293080677664065e+00 -1.170763452199466759e+00 -3.123187475178559325e+00
1.640000000000000000e+02 -2.526118747192890979e+00 -4.903598553358609058e-01 -4.006083821888164920e+00 -1.683814755845733702e+00 1.494893997019869358e-01 -3.732819896050596498e+00 -3.126690609585402125e+00 -1.240660022516595129e+00 -3.486545670138986086e+00
1.650000000000000000e+02 -2.759912752146813197e+00 -2.817425532815867051e-01 -3.896665015382156483e+00 -2.044030181495589460e+00 -5.503862898982503360e-02 -3.103145316959672328e+00 -3.600405628754238752e+00 -9.712278995109870916e-01 -4.005002961869521982e+00
1.660000000000000000e+02 -2.987386051217799654e+00 -7.850649490667027663e-02 -3.765885518751416861e+00 -2.639872454130490098e+00 -3.873276371980987065e-01 -2.777239251839305201e+00 -3.801099476378641651e+00 -3.824779453642837002e-01 -4.428476486056062811e+00
1.670000000000000000e+02 -3.207569166126380100e+00 1.182525232075231081e-01 -3.614367266653215616e+00 -3.362520065381342960e+00 -6.069282984410342419e-01 -2.812083209652704419e+00 -3.720465862277618996e+00 3.579395115379597758e-01 -4.548734943623169436e+00
1.680000000000000000e+02 -3.419528369652598876e+00 3.074656414906444812e-01 -3.442832245027575677e+00 -4.049127938575320940e+00 -5.214051468416576185e-01 -3.110968193066975918e+00 -3.442206214769886863e+00 1.007065883339906431e+00 -4.281642206026067043e+00
1.690000000000000000e+02 -3.622368614904346806e+00 4.881045729807502731e-01 -3.252101791189383029e+00 -4.533180419843422904e+00 -7.354956556743319496e-02 -3.472381452466406948e+00 -3.122444594844203891e+00 1.353284295606075549e+00 -3.693798133846720955e+00
1.700000000000000000e+02 -3.815238554183239650e+00 6.591784072392261606e-01 -3.043086765500655932e+00 -4.702860641869425429e+00 6.302052438633674036e-01 -3.679360310290639813e+00 -2.941536612697094100e+00 1.310430044231902569e+00 -2.965154637089479461e+00
1.710000000000000000e+02 -3.997335684529865762e+00 8.197462577240570702e-01 -2.816788304573046187e+00 -4.546693867418158064e+00 1.363161285703904158e+00 -3.589097146453242626e+00 -3.040895885425282774e+00 9.578347191453191467e-01 -2.307169608792475124e+00
1.720000000000000000e+02 -4.167909660705987562e+00 9.689143614102007085e-01 -2.574288043131645054e+00 -4.167022832361996443e+00 1.875030712763133378e+00 -3.184622615868880846e+00 -3.466923170368583662e+00 5.083309918472718181e-01 -1.874261776233394405e+00
1.730000000000000000e+02 -4.326263625826599402e+00 1.105846929554411107e+00 -2.316749334802176818e+00 -3.751701916850293195e+00 2.000113626934107547e+00 -2.569182859637598515e+00 -4.144892811517745912e+00 2.176874160926360879e-01 -1.706967221636921606e+00
1.740000000000000000e+02 -4.326263625826599402e+00 1.105846929554411107e+00 -2.316749334802176818e+00 -3.518504953448402084e+00 1.567423313770524018e+00 -2.509033418209491995e+00 -5.056232600008064182e+00 1.247065896976594868e+00 -1.725392843358418471e+00
1.750000000000000000e+02 -4.166525898342180234e+00 9.240532717424215781e-01 -2.082107576442632446e+00 -3.636739159697266466e+00 1.676729229106982189e+00 -1.846937606503169071e+00 -4.997262511503362425e+00 5.690948413257356231e-01 -1.788200801717023003e+00
1.760000000000000000e+02 -4.004352474707477683e+00 7.348560720378846112e-01 -1.855005939879935006e+00 -3.940561103241690954e+00 1.474407093424875637e+00 -1.262135846442955955e+00 -4.635368929701665586e+00 3.864830966799315259e-02 -1.995052307710296846e+00
1.770000000000000000e+02 -3.839788448678646660e+00 5.380713210787038125e-01 -1.636075570690306513e+00 -4.259940441033762681e+00 9.740801616759267034e-01 -9.040451107768602279e-01 -4.046730375987451112e+00 -2.135880184477155774e-01 -2.178922948895658518e+00
1.780000000000000000e+02 -3.672905854946934667e+00 3.335478494156136620e-01 -1.425981957624018692e+00 -4.421760233008120267e+00 3.054452563472787041e-01 -8.420921009546032954e-01 -3.386299305094327305e+00 -1.745070679815042825e-01 -2.175806528100468373e+00
1.790000000000000000e+02 -3.503807477656382563e+00 1.211764327373697492e-01 -1.225419074638877781e+00 -4.311566150034579437e+00 -3.403999514787431346e-01 -1.033134991231562605e+00 -2.830701971226122104e+00 4.820219375015673269e-02 -1.891830162224836132e+00
1.800000000000000000e+02 -3.332630371007943015e+00 -9.910052594730928144e-02 -1.035100928468823955e+00 -3.912603365811117229e+00 -7.900579982448157068e-01 -1.332941652305034586e+00 -2.515250438886084794e+00 2.722837983768915948e-01 -1.345687036031160577e+00
1.810000000000000000e+02 -3.159548758961431503e+00 -3.272792092081515669e-01 -8.557502460101892305e-01 -3.309259101073819487e+00 -9.585755640559507906e-01 -1.549689527086331786e+00 -2.487518551626943797e+00 3.172527701570488912e-01 -6.674581112686065465e-01
1.820000000000000000e+02 -2.984775921525985254e+00 -5.632851477382661010e-01 -6.880842239293405438e-01 -2.655157465859990129e+00 -8.824465666162020216e-01 -1.519942181987197438e+00 -2.693016772037695183e+00 7.890455112784577896e-02 -5.171248558757390867e-02
1.830000000000000000e+02 -2.808564648411596476e+00 -8.069653500262532475e-01 -5.327975417313159934e-01 -2.118383609982950500e+00 -7.013061026612729121e-01 -1.176991811839194213e+00 -2.996579113429108432e+00 -4.292332042291427951e-01 3.183598978623759512e-01
1.840000000000000000e+02 -2.631205867741051918e+00 -1.058082718448852821e+00 -3.905431970451584966e-01 -1.823447195362854600e+00 -5.965063342327400209e-01 -5.828272804524738948e-01 -3.230704554022258534e+00 -1.084734347220096984e+00 3.459288090969262486e-01
1.850000000000000000e+02 -2.453025155566011417e+00 -1.316313665227699881e+00 -2.619121197103004839e-01 -1.809642196974926343e+00 -7.132148509387872259e-01 9.140103996237503026e-02 -3.253529019898325103e+00 -1.711080886810929513e+00 6.343754442428839457e-02
1.860000000000000000e+02 -2.274377007581473098e+00 -1.581249689133774394e+00 -1.474128929125344545e-01 -2.019065145155195751e+00 -1.099699940094660988e+00 6.306781635228885241e-01 -2.996816508327162953e+00 -2.154299548098584260e+00 -3.758752025015119069e-01
1.870000000000000000e+02 -2.095636995733812125e+00 -1.852403359614301692e+00 -4.745316903416374466e-02 -2.317367455915935182e+00 -1.689771300552007194e+00 8.618797823057633423e-01 -2.488472060491791371e+00 -2.347947009130932017e+00 -7.564081064740078020e-01
1.880000000000000000e+02 -1.917192205404944616e+00 -2.129218703150196124e+00 3.767557003748533972e-02 -2.539784945061942079e+00 -2.335176707395335338e+00 7.250325231657368530e-01 -1.842750128257077513e+00 -2.338413254034281685e+00 -8.860105330464124185e-01
1.890000000000000000e+02 -1.739430601556654743e+00 -2.411085464998540928e+00 1.078084490604693801e-01 -2.547189273934852061e+00 -2.872661849214653618e+00 3.000925324677848893e-01 -1.221678430308376528e+00 -2.260397280822664889e+00 -6.743205430613358198e-01
1.900000000000000000e+02 -1.562730147343743825e+00 -2.697356228512852727e+00 1.629118158403342065e-01 -2.273862785047318980e+00 -3.195382527049276167e+00 -2.227825937106269194e-01 -7.802573322207697615e-01 -2.274624775557596124e+00 -1.710558656437664582e-01
1.910000000000000000e+02 -1.387448551670907859e+00 -2.987365019906196739e+00 2.030816497336324078e-01 -1.751145464232888749e+00 -3.297168146160438074e+00 -6.180435409382780687e-01 -6.132710288073680571e-01 -2.496299074379487504e+00 4.520864694396621308e-01
1.920000000000000000e+02 -1.213914437181632167e+00 -3.280445886242199904e+00 2.285360673804496257e-01 -1.098471359016687687e+00 -3.271063834953260585e+00 -7.143769046468814166e-01 -7.215030074089611167e-01 -2.946055324843250389e+00 9.689507729857131935e-01
1.930000000000000000e+02 -1.042420516672543540e+00 -3.575950032039117321e+00 2.396028513587882269e-01 -4.837392302666702060e-01 -3.264397097610109100e+00 -4.627574473971652891e-01 -1.009468614538983289e+00 -3.544192531441332505e+00 1.188499912847315709e+00
1.940000000000000000e+02 -8.732190919844886601e-01 -3.873260398424798634e+00 2.367033615733173946e-01 -6.546041960629156442e-02 -3.411684014208685944e+00 4.441927816600174661e-02 -1.316721347443612355e+00 -4.149133949939185051e+00 1.030239455886304167e+00
1.950000000000000000e+02 -7.065199051040516043e-01 -4.171802987406491248e+00 2.203343786609234245e-01 6.380844894066339812e-02 -3.775576293585511500e+00 6.103326274498837023e-01 -1.473238241559208239e+00 -4.621627611962867199e+00 5.554474934239126416e-01
1.960000000000000000e+02 -5.424901297769343378e-01 -4.471054676811752060e+00 1.910493795193705102e-01 -8.750207443026841725e-02 -4.321311455999981455e+00 1.011453449056312959e+00 -1.360245832090907214e+00 -4.885715408541955185e+00 -5.761121022889195697e-02
1.970000000000000000e+02 -3.812561265838161351e-01 -4.770547657232508065e+00 1.494405136296396708e-01 -4.101677738793256256e-01 -4.934534150300767585e+00 1.084733273540585241e+00 -9.547353668714356756e-01 -4.960095547419347106e+00 -5.838351223251168065e-01
1.980000000000000000e+02 -2.229065044064429679e-01 -5.069870901182020440e+00 9.612221556358543917e-02 -7.311400553111906397e-01 -5.473231199226087362e+00 7.900235973870783912e-01 -3.406285500057620319e-01 -4.947359368540687363e+00 -8.385608560439961057e-01
1.990000000000000000e+02 -6.749602618532331288e-02 -5.368669232146848103e+00 3.171703217267436703e-02 -8.752546985635203391e-01 -5.830245616362961236e+00 2.240011155799901399e-01 3.189912489485324243e-01 -4.987161355376402483e+00 -7.477567173030305048e-01
