0.000000000000000000e+00 0.000000000000000000e+00 0.000000000000000000e+00 -2.430000000000000160e+00 6.717514421272200442e-01 6.717514421272200442e-01 -2.430000000000000160e+00 2.109423746787797328e-16 -9.499999999999999556e-01 -2.430000000000000160e+00
1.000000000000000000e+00 0.000000000000000000e+00 0.000000000000000000e+00 -1.890000000000000124e+00 9.383039235653808374e-01 1.486127417882192325e-01 -1.890000000000000124e+00 -5.583959896778492027e-01 -7.685661446561999899e-01 -1.890000000000000124e+00
2.000000000000000000e+00 0.000000000000000000e+00 0.000000000000000000e+00 -1.350000000000000089e+00 8.464561979789494428e-01 -4.312909747525695003e-01 -1.350000000000000089e+00 -9.035036904803956936e-01 -2.935661446562000121e-01 -1.350000000000000089e+00
3.000000000000000000e+00 0.000000000000000000e+00 0.000000000000000000e+00 -8.100000000000000533e-01 4.312909747525695559e-01 -8.464561979789493318e-01 -8.100000000000000533e-01 -9.035036904803959157e-01 2.935661446561999011e-01 -8.100000000000000533e-01
4.000000000000000000e+00 0.000000000000000000e+00 0.000000000000000000e+00 -2.700000000000000178e-01 -1.486127417882190938e-01 -9.383039235653807264e-01 -2.700000000000000178e-01 -5.583959896778496468e-01 7.685661446561999899e-01 -2.700000000000000178e-01
5.000000000000000000e+00 0.000000000000000000e+00 0.000000000000000000e+00 2.700000000000000178e-01 -6.717514421272199332e-01 -6.717514421272201552e-01 2.700000000000000178e-01 -2.636779683484746784e-16 9.499999999999999556e-01 2.700000000000000178e-01
6.000000000000000000e+00 0.000000000000000000e+00 0.000000000000000000e+00 8.100000000000000533e-01 -9.383039235653808374e-01 -1.486127417882193991e-01 8.100000000000000533e-01 5.583959896778490917e-01 7.685661446562001009e-01 8.100000000000000533e-01
7.000000000000000000e+00 0.000000000000000000e+00 0.000000000000000000e+00 1.350000000000000089e+00 -8.464561979789495538e-01 4.312909747525693893e-01 1.350000000000000089e+00 9.035036904803956936e-01 2.935661446562002341e-01 1.350000000000000089e+00
8.000000000000000000e+00 0.000000000000000000e+00 0.000000000000000000e+00 1.890000000000000124e+00 -4.312909747525696114e-01 8.464561979789493318e-01 1.890000000000000124e+00 9.035036904803959157e-01 -2.935661446561998456e-01 1.890000000000000124e+00
9.000000000000000000e+00 0.000000000000000000e+00 0.000000000000000000e+00 2.430000000000000160e+00 1.486127417882189827e-01 9.383039235653808374e-01 2.430000000000000160e+00 5.583959896778490917e-01 -7.685661446562003229e-01 2.430000000000000160e+00
