0 0 99919309 5 0 15.4062
0 0 89983907 4 0 14.4375
0 0 29901304 4 0 16.0506
0 0 117022895 5 0 34.9062
0 0 30040490 5 0 7.90235
0 0 30559184 5 0 10.7899
0 0 41902639 4 0 66.9339
0 0 209057594 5 0 16.05
0 0 209057598 5 0 14.3074
0 0 209057590 5 0 16.0432
0 0 29901303 4 0 13.627
0 0 196468303 5 0 13.625
0 0 195957731 5 0 12.0243
0 0 209057596 4 0 12.6944
0 0 178820766 5 0 13.5312
0 0 209057444 4 0 15.8558
0 0 41902778 5 0 20.9531
0 0 197854367 5 0 11.1875
0 0 142470996 5 0 20.125
0 0 28327473 4 0 20.0859
0 0 59689870 5 0 14.8604
0 0 117535180 4 0 37.6683
0 0 238586800 4 0 18.1562
0 0 74725423 4 0 12.1644
0 0 209057597 4 0 16.05
0 0 202354417 4 0 15.875
0 0 190679611 4 0 11.6406
0 0 28327548 5 0 14.5
0 0 172778432 5 0 17
0 0 191728412 5 0 8.17
0 1 135350967 4 0 86.5534
0 1 199031796 5 0 17.5938
0 1 68894694 4 0 16.6308
0 1 223493933 4 0 13.4219
0 1 185870134 5 0 76.0821
0 1 69987839 5 0 9.65153
0 1 135350910 5 0 15.1707
0 1 228779259 5 0 14.5938
0 1 200751147 4 0 19.4375
0 1 209214860 4 0 10.7922
0 1 106429084 5 0 14.5
0 1 138136620 4 0 20.9205
0 1 204565767 4 0 11.31
0 1 221284602 4 0 21.375
0 1 221297117 5 0 8.97344
0 1 80974152 4 0 8.40238
0 1 80824080 5 0 10.13
0 1 177574441 4 0 13.363
0 1 34476833 5 0 11.4991
0 1 214871722 4 0 14.5
0 2 78971075 5 0 14.5661
0 2 99130246 4 0 13.1245
0 2 110854401 5 0 11.5932
0 2 78012780 5 0 32.5757
0 2 153371446 5 0 14.5
0 2 113157352 4 0 9.47993
0 2 56985877 4 0 8.46106
0 2 78971079 4 0 13.3959
0 2 93991760 5 0 11.31
0 2 251413826 4 0 12.3023
0 2 78012782 4 0 14.5
0 2 28387621 5 0 14.5
0 3 206122729 5 0 8.17
0 3 239026211 5 0 18.6327
0 3 56967252 5 0 16.0557
0 3 58187181 4 0 14.5
0 3 206212290 5 0 36.4093
0 3 219497797 4 0 13.8906
0 3 102539041 5 0 18.875
0 3 134460746 4 0 10.7882
0 3 114836048 4 0 14.8176
0 3 149860874 4 0 17.5859
0 3 169241373 4 0 14.5
0 3 238420555 5 0 14.3995
0 3 251660975 5 0 14.5
0 3 67084259 5 0 14.5
0 3 147839191 4 0 37.8781
0 3 252834458 5 0 32.3004
0 3 237787070 5 0 11.625
0 3 228516786 4 0 33.4375
0 3 103232562 5 0 14.5
0 3 206122712 5 0 9.36491
0 3 229250272 4 0 15.2319
0 3 252834531 4 0 10.13
0 3 155554045 5 0 16.6445
0 3 147839190 4 0 32.3034
0 3 57679616 4 0 14.5
0 3 76969769 5 0 14.375
0 3 250665505 4 0 11.4868
0 3 252834532 5 0 12.91
0 3 250882926 5 0 13.7504
0 3 252130816 4 0 13.3973
0 3 120783413 4 0 14.5
0 3 135191718 4 0 9.75603
0 3 225757685 4 0 10.7922
0 3 150718408 4 0 10.7888
0 3 225757687 5 0 8.17
0 3 252834449 5 0 16.05
0 3 206212287 4 0 16.05
0 4 94838739 5 0 13.9094
0 4 64742083 4 0 10.7955
0 4 206148155 5 0 23.4531
0 4 64741810 4 0 13.3849
0 4 94838738 5 0 12.6754
0 4 64742529 5 0 14.5
0 4 94838405 4 0 10.79
0 4 182803537 5 0 11.2422
0 4 127128025 5 0 13.3999
0 4 42394638 5 0 21.75
0 4 182803546 5 0 16.0504
0 4 94838476 5 0 11.9037
0 4 94838404 4 0 10.13
0 4 126779991 4 0 8.03764
0 4 94841685 5 0 13.39
0 5 93024652 4 0 14.5
0 5 137025600 4 0 18.8125
0 5 88636398 4 0 10.7745
0 5 34486073 5 0 16.6773
0 5 93024646 5 0 16.05
0 5 175344491 5 0 17.625
0 5 64053783 5 0 14.25
0 5 19911713 5 0 18.2948
0 5 93024730 4 0 19.7535
0 5 55943175 4 0 12.4375
0 5 93024645 5 0 13.39
0 5 86569907 4 0 11.7891
0 5 182911274 4 0 14.5
0 5 93024729 4 0 26.3
0 5 175293069 4 0 10.7949
0 5 78362581 5 0 28.9146
0 5 20423293 4 0 16.6875
0 5 93024733 5 0 10.79
0 5 182359460 4 0 9.47047
0 5 75528179 4 0 14.5
0 5 80736450 4 0 8.90428
0 5 39506438 5 0 32.321
0 5 27782834 4 0 12.1786
0 5 48306350 4 0 12.1875
0 6 67064331 5 0 8.0572
0 6 66101902 4 0 14.3438
0 6 30616400 4 0 17.3429
0 6 67064336 4 0 32.3041
0 7 196432571 4 0 8.08917
0 7 73538368 4 0 11.3125
0 7 58435213 5 0 10.7869
0 7 99002780 5 0 11.7178
0 7 111386958 5 0 17.0625
0 7 72594562 5 0 15.4219
0 7 180361064 5 0 8.17
0 7 162104060 4 0 12.91
0 7 104900077 5 0 8.92475
0 7 9629300 5 0 12.9375
0 8 133641610 4 0 14.5234
0 8 162813807 5 0 12.7773
0 8 175634846 4 0 16.05
0 9 14889874 5 0 14.1562
0 9 164382931 5 0 46.9078
0 9 164382851 4 0 20.0179
0 9 164530952 5 0 15.7188
0 9 22866944 5 0 14.5
0 9 164382847 5 0 37.7108
0 9 161845624 5 0 8.02797
0 9 164530816 5 0 32.2897
0 10 24576288 5 0 17.7812
0 10 127464921 4 0 19.136
0 10 146006275 4 0 9.60556
0 10 39596713 4 0 10.79
0 10 145175209 4 0 35.5
0 10 127425589 5 0 11.8447
0 10 39596791 4 0 16.0576
0 10 126582642 4 0 10.3464
0 11 27443274 5 0 8.89315
0 11 25902314 5 0 14.8677
0 11 28085094 4 0 14.5
0 11 28085104 4 0 14.0112
0 11 143868101 4 0 16.9672
0 11 143868100 4 0 16.6358
0 11 28085180 4 0 15.3201
0 11 27930410 4 0 12.91
0 12 35556154 5 0 14.9375
0 12 99934225 4 0 46.1429
0 12 45918641 5 0 23.503
0 12 92241828 5 0 13.7995
0 12 98642696 4 0 12.6798
0 12 92280274 4 0 17.0931
0 12 97151374 4 0 13.0938
0 12 148860442 4 0 14.622
0 12 70147651 5 0 15.9028
0 12 70152070 5 0 16.0347
0 12 97702062 5 0 17.6992
0 12 92280275 4 0 24.22
0 12 62833975 4 0 14.5
0 12 97132458 5 0 9.38996
0 13 179003287 5 0 28.0247
0 13 12787596 5 0 11.4721
0 13 161112256 4 0 14.5
0 13 6644103 5 0 12.5693
0 13 158005820 5 0 16.7344
0 13 176114573 5 0 12.9028
0 13 159715374 5 0 33.9844
0 13 161006687 5 0 13.7951
0 13 173399290 5 0 23.5452
0 13 161096061 4 0 81.2426
0 13 161900495 4 0 9.60874
0 13 176096524 4 0 25.1382
0 13 161112288 4 0 11.1777
0 13 161096065 5 0 28.3587
0 13 155500836 5 0 14.5
0 13 177544856 4 0 17.6738
0 13 161095742 5 0 11.9601
0 13 176096525 4 0 30.0038
0 13 11141005 5 0 14.5
0 13 161411532 5 0 7.51884
0 13 55947290 4 0 15.75
0 13 14093276 5 0 22.5334
0 13 173048152 4 0 10.9675
0 13 173399372 5 0 14.109
0 13 161006711 4 0 10.2636
0 13 114088970 5 0 15.44
0 13 117365804 5 0 10.7918
0 13 161703393 4 0 15.9183
0 13 179022431 5 0 12.0691
0 13 148676041 4 0 10.8113
0 13 173053605 5 0 14.5
0 13 173048095 5 0 16.05
0 13 114089053 5 0 16.3079
0 13 158674557 5 0 12.91
0 13 6644102 5 0 13.4028
0 13 158674639 5 0 42.4318
0 13 173399286 5 0 13.39
0 13 161877094 4 0 32.2999
0 13 173048090 5 0 36.9469
0 13 179560492 4 0 14.3359
0 13 161708102 5 0 10.4021
0 13 173399286 4 0 16.05
0 14 77942137 4 0 13.7812
0 14 17647246 5 0 14.5
0 14 70140561 5 0 17.0625
0 14 24362583 4 0 14.5
0 15 125417316 4 0 18.8573
0 15 137724123 5 0 40.2161
0 15 96304063 4 0 8.86755
0 15 121830462 4 0 8.24411
0 15 128813760 4 0 10.0868
0 15 96833669 5 0 13.3221
0 15 139198053 5 0 12.91
0 15 116859024 4 0 17.2505
0 15 110663918 5 0 10.7877
0 15 116841540 5 0 32.3026
0 16 43764044 5 0 32.4901
0 16 43764428 5 0 13.39
0 16 68107625 4 0 28.2473
0 16 91249086 4 0 16.05
0 16 31808771 5 0 16.4219
0 16 31812225 4 0 14.748
0 16 78437426 4 0 17.4375
0 16 122649447 4 0 18.6786
0 16 54692591 5 0 12.91
0 16 43763964 4 0 14.5
0 16 77366119 5 0 8.07815
0 16 103042471 5 0 14.5
0 16 43764422 5 0 39.3643
0 16 144273889 4 0 16.0361
0 16 103413052 4 0 16.3759
0 16 33657575 5 0 17.2011
0 17 12754452 4 0 13.7578
0 17 64019237 4 0 16.375
0 17 139116632 4 0 12.1215
0 17 138943324 4 0 17.921
0 17 139116628 5 0 12.056
0 17 138943338 5 0 16.8752
0 17 24992223 5 0 17.1875
0 17 139140990 5 0 38.2356
0 17 117095171 4 0 12.4219
0 17 139123655 4 0 15.5439
0 17 19679857 4 0 14.5
0 17 139115676 5 0 7.61258
0 17 120263923 4 0 10.7708
0 17 139141022 5 0 13.39
0 17 138962171 4 0 8.72762
0 17 106138310 5 0 14.5
0 17 139141021 5 0 11.6104
0 17 139140620 4 0 11.0271
0 17 139123657 4 0 16.05
0 18 88090252 4 0 13.4062
0 18 116475949 4 0 12.3243
0 18 142271131 5 0 14.5
0 18 103814993 5 0 30.3875
0 19 21575736 5 0 18.9714
0 19 119567886 4 0 15.5938
0 19 22588282 4 0 11.4082
0 19 48828484 4 0 14.5664
0 19 22588278 5 0 15.2868
0 19 23741944 4 0 9.21038
0 19 56655932 4 0 16.0508
0 19 55596782 4 0 16.0625
0 19 37259324 5 0 16.8296
0 19 8896697 5 0 19.2188
0 19 21575740 4 0 10.79
0 19 9395162 4 0 18.0625
0 19 21575739 4 0 13.3898
0 20 2612747 4 0 10.7909
0 20 139964891 4 0 9.7145
0 20 3220521 5 0 11.0557
0 20 124823488 5 0 8.09128
0 20 3220591 4 0 14.5
0 20 3220519 4 0 32.3
0 20 3220609 4 0 11.23
0 20 3212632 5 0 14.0985
0 20 14685480 4 0 10.79
0 20 124667743 5 0 16.4588
0 20 77765188 4 0 11.2344
0 20 3220509 4 0 29.1986
0 20 3212737 5 0 29.44
0 20 3220593 5 0 10.79
0 20 2612753 5 0 8.17
0 20 2384595 4 0 16.0504
0 21 138516203 5 0 23.202
0 21 139135838 4 0 13.3886
0 21 50159688 4 0 19.875
0 21 50301759 5 0 21.8125
0 21 18917754 4 0 17.0466
0 21 17807642 4 0 13.392
0 21 124660521 5 0 13.5533
0 21 138262056 5 0 11.1719
0 21 13018131 5 0 22.2832
0 21 81560000 5 0 38.625
0 21 18187224 5 0 14.6738
0 21 14097865 4 0 27.0024
0 21 2770092 5 0 16.7828
0 21 46621290 4 0 16.0508
0 21 12633751 4 0 7.64155
0 21 19903560 5 0 14.3843
0 21 19903647 5 0 10.7905
0 21 139957669 4 0 14.5
0 21 12789250 5 0 17.3926
0 21 14097905 5 0 16.05
0 21 138367654 4 0 14.5
0 21 14097855 4 0 10.79
0 22 33120608 4 0 26.3
0 22 1925650 4 0 16.3125
0 22 67762336 4 0 27.1066
0 22 53045202 5 0 13.479
0 22 118642980 4 0 14.5
0 22 18983630 5 0 12.125
0 22 20456625 4 0 13.3817
0 22 23283790 4 0 14.5
0 23 34091915 4 0 12.5964
0 23 121880896 5 0 13.4746
0 23 151265980 4 0 11.8125
0 23 70006673 5 0 19.5711
0 23 69407427 5 0 23.2038
0 23 148498677 5 0 10.79
0 23 148499132 4 0 14.5262
0 23 148498674 4 0 30.3087
0 23 128340432 5 0 17.5508
0 23 37504630 5 0 16.9375
0 23 149717031 4 0 10.7657
0 23 139852424 5 0 39.5508
0 23 123537502 4 0 14.5
0 23 66662643 5 0 8.17
0 23 123400775 4 0 14.5
0 23 121836575 4 0 32.3246
0 24 48877213 4 0 7.79494
0 24 75190710 5 0 10.8064
0 25 34577768 5 0 11.6937
0 25 14926375 4 0 12.91
0 25 42227590 5 0 14.5
0 25 82165223 4 0 11.9072
0 25 82165222 4 0 15.1314
0 25 91523037 4 0 13.3881
0 25 83876419 4 0 22.8125
0 25 90843653 4 0 10.7882
0 25 82165225 5 0 17.9754
0 25 42512653 4 0 16.0436
0 26 32459019 5 0 13.5625
0 26 103163018 5 0 48.5211
0 27 77578309 5 0 24.9353
0 27 88852828 5 0 8.58929
0 27 89561011 4 0 21.56
0 27 87190822 5 0 18.0122
0 27 89358732 4 0 16.0498
0 27 77578307 5 0 14.1082
0 27 90859591 5 0 10.7899
0 27 74222760 4 0 34.6997
0 27 85585701 5 0 10.13
0 27 88770687 5 0 15.1138
0 27 89358715 4 0 11.6318
0 27 59263463 5 0 14
0 27 76909481 5 0 10.917
0 27 87181526 4 0 8.02779
0 27 77104228 4 0 19.3711
0 27 77578310 5 0 8.17
0 27 77648454 4 0 13.3823
0 27 89611010 4 0 10.4443
0 27 46978095 5 0 8.04686
0 27 86603851 4 0 9.84601
0 28 4823184 5 0 25.7695
0 28 88834107 5 0 14.375
0 28 18819387 4 0 14.75
0 28 28208510 5 0 15.7422
0 28 7854729 4 0 21.6875
0 28 33038825 4 0 10.79
0 28 45217020 5 0 11.7922
0 28 13083516 4 0 10.13
0 29 94956284 5 0 12.8753
0 29 60097862 4 0 31.3814
0 29 97225731 5 0 46.611
0 29 97072777 5 0 23.1318
0 29 58490854 4 0 16.7383
0 29 97072033 4 0 10.7898
0 29 60097943 5 0 11.9602
0 29 73718106 4 0 39.7266
0 29 60097864 5 0 10.789
0 29 59956355 4 0 9.66355
0 29 59898203 4 0 9.98238
0 29 97225732 5 0 10.9046
0 29 97628263 5 0 12.91
0 29 60623524 4 0 8.30639
0 29 97072776 5 0 16.05
0 29 96995121 5 0 10.7904
0 29 97248244 4 0 10.7898
0 29 60097865 5 0 16.05
0 29 58850276 5 0 14.5
0 30 61288997 4 0 16.2407
0 30 25914799 4 0 11.0453
0 30 61288996 4 0 8.17
0 30 53557301 4 0 14.5
0 30 22180943 5 0 17
0 31 21617731 4 0 13.4018
0 31 31190069 5 0 39.1763
0 31 70170695 4 0 14.2344
0 31 30761701 4 0 11.9028
0 31 31602289 5 0 18.2167
0 31 101503401 4 0 16.7031
0 31 31602286 5 0 24.2208
0 32 78271308 5 0 10.8125
0 32 17788767 5 0 17.625
0 32 92466557 5 0 10.7699
0 32 93478688 4 0 15.2232
0 32 3892220 5 0 16.0466
0 32 92393232 5 0 9.16761
0 33 30395334 5 0 18.6672
0 33 43637502 4 0 22.4328
0 33 30395332 4 0 15.222
0 33 30395414 4 0 10.79
0 33 2930395 5 0 36.3125
0 33 30395331 4 0 36.5267
0 33 30395418 5 0 13.4338
0 34 42999604 5 0 70.0388
0 34 42558754 5 0 12.4444
0 34 42921196 4 0 50.7127
0 34 42999606 5 0 17.0499
0 34 2267916 4 0 13.8125
0 34 42999607 5 0 12.2539
0 34 42999620 5 0 14.654
0 34 43020719 4 0 35.0384
0 34 42999484 5 0 11.4352
0 34 42999496 4 0 16.3178
0 34 42558828 5 0 16.05
0 34 51862115 4 0 10.7972
0 35 46038844 5 0 12.5625
0 35 26606554 5 0 15.0625
0 35 55886367 5 0 13.3968
0 35 64745910 5 0 32.3132
0 35 48629094 4 0 16.0537
0 35 66487211 4 0 13.3914
0 37 39588815 5 0 34.3239
0 37 26603169 4 0 14.5
0 37 39429861 5 0 20.0203
0 37 39604703 4 0 11.438
0 37 39429867 4 0 59.6558
0 37 39429868 4 0 22.5538
0 37 39579102 5 0 18.8711
0 37 39612676 4 0 11.7612
0 37 39413612 4 0 8.52072
0 37 26613306 4 0 8.27882
0 37 38614909 4 0 14.5
0 37 39429872 4 0 14.2178
0 37 38579780 5 0 14.3286
0 37 38614823 5 0 45.8914
0 37 26603164 5 0 21.1069
0 37 39579104 5 0 17.5545
0 37 38610139 5 0 10.79
0 37 38579711 5 0 8.08282
0 37 38579702 5 0 16.8748
0 38 14176392 5 0 10.79
0 38 45132157 4 0 12.4713
0 38 14182057 4 0 16.1998
0 38 14176474 5 0 29.4292
0 38 14176479 5 0 12.91
0 39 57740936 5 0 15.75
0 39 32959995 5 0 12.91
0 40 11614471 5 0 17.8412
0 40 25777820 4 0 19.3027
0 40 14822819 4 0 35.1453
0 40 23094195 5 0 11.9094
0 40 25525363 5 0 14.5
0 40 25635084 4 0 11.2099
0 40 23592713 5 0 14.5
0 40 23094192 5 0 18.4563
0 40 23875910 5 0 12.7849
0 40 25774014 5 0 23.7
0 40 23094193 5 0 25.8949
0 40 15657438 5 0 13.1644
0 40 23094193 4 0 11.0756
0 40 24819708 5 0 13.7181
0 40 23876136 4 0 15.3098
0 40 25733550 4 0 16.95
0 40 13472401 4 0 21.8798
0 40 23875986 4 0 15.2019
0 40 13472369 4 0 16.1408
0 40 14822820 4 0 15.4747
0 40 13472404 5 0 71.935
0 40 13472368 4 0 16.9738
0 40 23094111 5 0 15.3331
0 40 23093223 5 0 10.7899
0 40 11614477 5 0 8.17
0 40 23865813 5 0 10.6593
0 40 23094194 5 0 28.4953
0 40 11613418 5 0 12.1941
0 40 25688842 5 0 9.16301
0 40 24819767 5 0 14.5
0 40 13472402 4 0 10.79
0 41 13353943 4 0 32.3009
0 41 21233420 5 0 12.9688
0 41 23543796 5 0 8.17
0 42 28978417 4 0 15.875
0 43 22009568 4 0 10.4573
0 43 16195214 4 0 12.91
0 44 18775959 5 0 12.6412
0 44 2653333 5 0 18.8906
0 44 18945515 5 0 16.0398
0 46 116262447 5 0 15.6913
0 46 116487919 4 0 16.0443
0 46 116262446 5 0 17.4417
0 46 117056403 4 0 16.075
0 46 116487920 5 0 17.1615
0 46 108446093 5 0 15.2031
0 46 7606720 4 0 18.5938
0 46 115150295 5 0 10.851
0 47 88368059 4 0 14.5
0 47 175277691 4 0 16.1289
0 47 176988149 5 0 17.625
0 47 256691107 5 0 13.39
0 47 183766518 4 0 29.596
0 47 103375456 5 0 33.875
0 47 256691179 5 0 15.5781
0 48 42370103 4 0 36.4102
0 48 128741277 4 0 8.40471
0 48 34853734 4 0 14.1621
0 48 130343725 4 0 14.5
0 48 116013009 5 0 12.25
0 48 214389569 5 0 10.7912
0 48 235426428 4 0 18.75
0 48 129104054 5 0 28.9191
0 48 129386947 5 0 32.3084
0 48 42711855 5 0 16.0494
0 48 143787335 4 0 14.6875
0 48 214034033 5 0 10.7873
0 49 129420938 4 0 11.8807
0 49 119526346 5 0 14.625
0 49 104215058 5 0 39.5
0 49 110410740 4 0 16.3035
0 49 180007505 5 0 12.4488
0 49 180007510 4 0 24.1776
0 49 140894060 5 0 15.6875
0 49 2525360 4 0 18.0861
0 49 2525279 5 0 16.9682
0 49 108779237 5 0 18.3125
0 49 47758448 4 0 17.375
0 49 180007509 4 0 20.4378
0 49 2242464 5 0 13.391
0 49 204282957 5 0 13.4071
0 49 180369842 5 0 9.96706
0 49 2525363 5 0 10.79
0 50 157383688 5 0 12.3906
0 50 180008004 4 0 32.048
0 50 163007636 4 0 27.8536
0 50 119598241 5 0 8.17
0 50 162996030 4 0 19.3125
0 50 160803725 4 0 11.8125
0 50 163007649 4 0 14.4927
0 50 180008010 5 0 32.3006
0 50 149366488 5 0 14.5
0 50 35190006 5 0 10.7611
0 50 191906771 5 0 17.8008
0 50 187581109 5 0 19.1562
0 50 138084079 5 0 16.0549
0 50 79377569 5 0 18.6875
0 50 32731899 5 0 12.91
0 50 180008009 5 0 15.1608
0 50 127894004 5 0 12.3004
0 51 179558544 5 0 50.2294
0 51 55947693 4 0 12.8125
0 51 179558545 5 0 13.39
0 51 179558542 4 0 18.4601
0 51 179537918 4 0 7.85791
0 51 195516341 5 0 17.6406
0 51 117044009 5 0 12.6875
0 51 126763424 5 0 22.0312
0 51 128473544 5 0 17.3438
0 51 196298477 5 0 10.7905
0 51 179558543 4 0 32.3023
0 51 59437355 4 0 12.91
0 52 169862632 4 0 22.9124
0 52 185489611 4 0 27.0281
0 52 19962998 5 0 7.50146
0 52 129450910 4 0 10.8594
0 52 49889486 4 0 10.7829
0 52 186217438 5 0 9.40544
0 52 20819854 4 0 13.3911
0 52 73525921 5 0 9.27755
0 53 27151672 5 0 16.1875
0 53 199268154 4 0 16.0632
0 53 142236248 5 0 20.9171
0 53 72585384 4 0 26.526
0 53 195490693 4 0 17.1875
0 53 52163393 4 0 12.227
0 53 44556363 4 0 16.875
0 53 26074450 4 0 14.5
0 53 41773630 4 0 10.3017
0 54 82376794 4 0 17.2271
0 54 110266338 4 0 16.7913
0 54 110017474 5 0 13.7882
0 54 39428249 4 0 14.5
0 54 40038579 4 0 16.0292
0 54 36873012 4 0 16.875
0 54 110017471 4 0 32.8112
0 54 80209059 4 0 8.53257
0 54 26821822 5 0 10.7681
0 55 23549416 4 0 14.5
0 55 56465407 5 0 14.0312
0 55 30410366 4 0 18.125
0 56 57499848 5 0 14.3359
0 56 82796852 4 0 10.1627
0 56 69602975 4 0 12.6562
0 56 98115102 4 0 15.0537
0 56 115683184 5 0 10.8097
0 56 115683194 5 0 14.5
0 56 104180578 4 0 11.0013
0 56 125646177 4 0 14.5
0 57 60409856 5 0 13.2304
0 57 109654241 5 0 14.2812
0 57 104820867 5 0 8.57257
0 58 162371696 5 0 13.966
0 58 7545146 5 0 11.31
0 58 80562944 4 0 17
0 58 7545213 4 0 16.3573
0 58 138931597 5 0 20.375
0 58 7545142 5 0 36.0436
0 58 102856433 4 0 38.375
0 58 148091193 5 0 12.625
0 58 7545132 4 0 48.35
0 58 160226242 4 0 15.9566
0 58 19550346 4 0 10.0862
0 59 1890649 4 0 9.36872
0 59 101110423 4 0 32.3149
0 59 15238537 5 0 10.79
0 59 101279048 4 0 11.2139
0 59 136756313 4 0 13.1737
0 59 30465107 4 0 21.6039
0 59 152260758 4 0 9.7836
0 59 152963567 5 0 16.1875
0 59 15151786 5 0 10.9528
0 60 79099543 5 0 12.0625
0 60 32960560 4 0 14.5
0 60 105662894 5 0 33.8465
0 60 103300701 5 0 23.3184
0 60 103300698 4 0 17.8691
0 60 103198391 5 0 14.5
0 60 55043441 5 0 13.3869
0 60 7224335 5 0 10.7773
0 61 32027829 5 0 20.4866
0 61 143383191 5 0 22.9062
0 61 89759859 5 0 13.5
0 61 79586279 4 0 21.6528
0 61 79586277 5 0 26.5372
0 61 32027834 4 0 13.3893
0 61 32027831 5 0 13.5127
0 62 46521451 5 0 42.89
0 62 46521446 4 0 17.6213
0 62 133230854 5 0 16.1501
0 62 27918356 4 0 10.13
0 63 87981785 4 0 12.91
0 63 45044710 4 0 16.5312
0 63 36596301 4 0 16.3984
0 63 94302026 5 0 16.0486
0 63 25858454 5 0 17.5391
0 63 94221790 5 0 21.7322
0 63 60679511 4 0 10.7916
0 63 45005051 5 0 13.4053
0 63 94221791 5 0 32.3303
0 64 29783234 4 0 11.7402
0 64 77049861 4 0 17.5938
0 64 43742053 4 0 16.4791
0 64 43742055 4 0 26.4497
0 64 144466274 4 0 11.2716
0 64 11630575 5 0 8.17
0 64 101165763 4 0 14.5
0 65 153665434 4 0 23.0244
0 65 153665349 4 0 10.79
0 65 9089148 4 0 16.4744
0 65 153665350 4 0 18.9652
0 65 9089147 4 0 13.4006
0 65 11817231 5 0 16.2266
0 65 154234246 4 0 13.2823
0 65 144307105 5 0 13.7031
0 65 154234243 5 0 8.17
0 65 153665350 5 0 13.9915
0 65 153615331 4 0 8.35257
0 65 11817317 5 0 13.3986
0 66 57158381 5 0 21.875
0 66 91923925 5 0 14.5
0 66 93755008 4 0 15.9081
0 66 75698637 5 0 16.0575
0 66 127038739 5 0 7.62779
0 66 54492894 5 0 7.66547
0 67 104531977 4 0 14.5
0 67 106225043 5 0 40.41
0 67 105963535 4 0 18.4595
0 67 106356560 5 0 31.174
0 67 106224961 4 0 10.13
0 67 14617451 5 0 14.875
0 67 146020347 5 0 14.5
0 67 152326040 4 0 16.3125
0 67 22370017 4 0 10.6949
0 67 106589390 4 0 12.8125
0 67 106356558 4 0 25.6013
0 67 105748698 5 0 8.30917
0 67 106890860 5 0 12.491
0 67 106225329 5 0 17.6239
0 67 111522015 5 0 15.291
0 67 105124306 5 0 11.717
0 67 40703926 5 0 10.7774
0 67 105132412 4 0 18.8101
0 67 119064868 4 0 15.0378
0 67 118541731 4 0 18.8888
0 67 5009655 5 0 11.7812
0 67 31547369 5 0 10.8467
0 67 118541742 4 0 14.9484
0 67 106327574 4 0 10.6554
0 67 106178948 5 0 11.1401
0 67 95961029 4 0 13.4074
0 67 105919346 5 0 8.53503
0 68 108583529 4 0 17.1271
0 68 19544328 5 0 12.5938
0 68 110572370 4 0 14.3272
0 68 30299370 5 0 12.91
0 68 139509308 4 0 10.814
0 68 107200799 5 0 20.9365
0 68 105744023 5 0 14.125
0 68 77850012 4 0 14.5
0 68 109374567 5 0 16.05
0 68 38917628 4 0 15.2656
0 68 109374565 4 0 15.3855
0 69 56151458 4 0 14.1339
0 69 57546213 5 0 30.7263
0 69 139242017 4 0 30.4176
0 69 145379372 5 0 14.7969
0 69 55856260 4 0 7.90764
0 69 56150044 5 0 43.2492
0 69 56873271 4 0 12.056
0 69 56135507 5 0 10.7902
0 69 12204376 5 0 14.8594
0 69 86767145 4 0 15.0948
0 69 86767148 5 0 24.18
0 69 70093687 4 0 17.853
0 69 56028146 4 0 10.7897
0 69 55990002 4 0 9.31063
0 69 139242012 5 0 16.4574
0 69 6672960 4 0 40.1374
0 69 86767144 4 0 14.5
0 69 51477296 4 0 13.542
0 69 71334535 4 0 17.0146
0 69 56776388 5 0 10.8943
0 69 70145813 4 0 13.3899
0 69 56028226 5 0 13.1371
0 69 56816176 5 0 15.3276
0 69 145507480 4 0 9.88391
0 69 56301488 4 0 13.3901
0 69 69862798 4 0 10.7086
0 70 6717878 4 0 17.9209
0 70 46244975 5 0 10.2545
0 70 80907720 4 0 10.7901
0 70 39955019 4 0 10.9178
0 70 102638501 4 0 14.5
0 70 138753692 5 0 17.75
0 70 40704111 5 0 10.7853
0 70 55844380 5 0 14.5
0 71 52888831 5 0 17.3516
0 71 52382679 5 0 16.05
0 71 53629755 4 0 36.1023
0 71 52888749 4 0 38.3864
0 71 43474233 4 0 16.8231
0 71 52910515 5 0 16.05
0 71 97690117 4 0 16.5
0 71 16596266 4 0 10.13
0 71 98358004 4 0 14.5159
0 71 53629584 5 0 25.8536
0 71 52889260 4 0 7.72258
0 71 21162038 5 0 10.7856
0 71 52888747 5 0 12.3149
0 71 52888746 5 0 19.2975
0 71 52910518 5 0 15.4089
0 71 53629678 4 0 30.55
0 71 52893670 5 0 14.696
0 71 98962186 5 0 16.0324
0 71 45488314 5 0 18.1406
0 71 52910599 5 0 16.2425
0 71 53629831 5 0 14.1741
0 71 52893575 4 0 10.7901
0 72 59586055 4 0 18.0391
0 72 49475836 5 0 10.13
0 73 53392281 4 0 13.1126
0 73 98015270 5 0 31.6117
0 73 53274089 4 0 34.4405
0 73 99682891 4 0 15.256
0 73 99684762 4 0 29.8911
0 73 44760694 5 0 15.8556
0 73 45448749 4 0 30.065
0 73 98500687 5 0 15.2588
0 73 98500468 5 0 11.6779
0 73 98500468 4 0 16.05
0 73 98015465 5 0 33.0799
0 73 86129383 5 0 28.6785
0 73 17544202 5 0 12.91
0 73 86129701 5 0 13.39
0 73 98015264 5 0 18.648
0 73 53274090 4 0 16.0497
0 73 45448750 4 0 10.9336
0 73 98500593 5 0 19.7696
0 73 97984121 5 0 8.0353
0 73 100377701 4 0 12.0454
0 73 98876738 4 0 13.3899
0 73 102491790 5 0 13.3574
0 73 98015352 4 0 26.84
0 73 97921706 4 0 8.63613
0 73 100219089 5 0 21.3279
0 73 86129615 5 0 16.1905
0 73 101802627 5 0 11.0586
0 73 53291573 5 0 13.3894
0 73 99208682 4 0 14.2188
0 73 61729138 4 0 16.0942
0 73 100219090 4 0 10.7901
0 73 86368261 4 0 14.5
0 73 85413826 4 0 21.2474
0 73 97928070 4 0 10.8969
0 73 98991727 5 0 15.3008
0 73 41385235 4 0 16.0422
0 73 99684763 4 0 32.2999
0 73 54140632 5 0 21.0439
0 73 45448755 4 0 32.2948
0 73 61729035 5 0 14.5
0 73 20077744 5 0 8.17
0 73 99675604 5 0 10.7364
0 73 98015075 4 0 11.0515
0 73 98991725 5 0 14.5
0 73 85413313 5 0 10.7095
0 73 100218025 5 0 8.87823
0 74 92977563 5 0 17.9746
0 74 92952559 5 0 12.8859
0 74 12664073 5 0 14.5625
0 74 94237150 4 0 14.5147
0 75 83358149 4 0 9.39851
0 76 35293822 4 0 7.5617
0 76 68269817 4 0 9.09504
0 76 79406409 4 0 14.5
0 76 31962270 4 0 7.87228
0 76 36679080 5 0 16.05
0 77 34436167 4 0 11.3781
0 77 82959543 5 0 12.3047
0 77 14942009 5 0 10.22
0 77 26384813 5 0 43.4353
0 77 48066083 5 0 18.1914
0 77 88601027 4 0 11.0273
0 77 26384815 5 0 15.0972
0 77 88916635 4 0 18.6094
0 77 62453681 4 0 10.7909
0 77 90230032 4 0 18.5625
0 77 38197860 5 0 9.90888
0 77 61153347 4 0 14.5
0 78 96269037 5 0 14.5
0 78 26413434 5 0 14.5
0 78 42322788 4 0 10.786
0 78 25922096 4 0 11.2597
0 79 14353647 4 0 13.3854
0 79 16512401 4 0 11.6384
0 79 16624029 4 0 12.645
0 79 16512485 5 0 19.6669
0 79 72506315 5 0 7.86683
0 79 74686346 4 0 8.86087
0 79 41303219 4 0 13.6955
0 79 49672307 5 0 13.4039
0 80 51386758 4 0 14.5
0 80 35746936 5 0 10.79
0 80 51291561 5 0 34.079
0 80 51292275 4 0 29.44
0 80 60896456 4 0 11.25
0 80 35796899 5 0 16.05
0 80 51292276 4 0 22.3435
0 80 47750647 5 0 19.6718
0 80 49178778 4 0 18.1048
0 80 35746934 5 0 14.2518
0 80 35796901 5 0 11.0558
0 80 48761488 5 0 13.3414
0 80 48796924 4 0 13.39
0 80 48964087 4 0 9.9196
0 80 63566301 5 0 10.13
0 81 41657668 4 0 16.75
0 81 26870865 4 0 32.2934
0 81 9202547 5 0 10.7872
0 82 26133251 4 0 35.875
0 82 14621320 4 0 10.5617
0 82 51878248 5 0 10.7175
0 83 57256786 5 0 16.75
0 84 64936002 4 0 14.8867
0 84 65208277 4 0 32.2795
0 84 65208276 4 0 14.5
0 84 68886829 5 0 11.6717
0 84 75578840 4 0 21.8542
0 84 68886761 4 0 14.1524
0 85 72700841 4 0 11.4274
0 86 68357245 4 0 22.9844
0 87 36784905 5 0 8.59153
0 88 47484884 5 0 14.5
0 89 14539086 4 0 10.7881
0 90 10512372 4 0 14.6133
0 91 7111876 4 0 12.6413
0 91 7111874 4 0 16.0506
0 91 8263535 5 0 10.7897
0 91 29440554 4 0 14.5
0 91 19880504 5 0 10.8688
0 91 7111771 4 0 13.3891
0 91 7125648 5 0 14.5
1 0 194723083 4 1 1
1 0 117535198 5 1 1
1 0 117535190 5 1 1
1 0 250286206 5 1 1
1 0 150079973 4 1 1
1 0 178820785 4 1 1
1 0 56875181 4 1 1
1 0 30559326 4 1 1
1 0 202874179 5 1 1
1 0 73969885 4 1 1
1 0 41902715 4 1 1
1 0 56015514 4 1 1
1 0 41943703 5 1 1
1 0 41943710 4 1 1
1 0 194723166 5 1 1
1 1 163819501 4 1 1
1 1 185870059 4 1 1
1 1 123072359 4 1 1
1 1 149255391 5 1 1
1 1 69987927 5 1 1
1 1 34548854 5 1 1
1 1 177574649 4 1 1
1 1 100825366 4 1 1
1 1 230024924 5 1 1
1 1 147417287 4 1 1
1 1 208727840 4 1 1
1 1 69578493 4 1 1
1 1 204321337 4 1 1
1 1 138809181 4 1 1
1 1 200337046 5 1 1
1 1 68894679 5 1 1
1 1 35737773 4 1 1
1 1 68894648 4 1 1
1 1 164486563 5 1 1
1 2 158253339 5 1 1
1 2 152049869 5 1 1
1 2 161720459 5 1 1
1 2 110854408 4 1 1
1 3 114835988 4 1 1
1 3 135191640 5 1 1
1 3 252834544 5 1 1
1 3 56328231 5 1 1
1 3 252461280 4 1 1
1 3 103232556 4 1 1
1 3 206212377 5 1 1
1 3 238420344 5 1 1
1 3 150568996 4 1 1
1 3 81885954 5 1 1
1 3 237422936 5 1 1
1 3 59098359 4 1 1
1 3 147875216 4 1 1
1 3 239776269 4 1 1
1 3 224330931 5 1 1
1 4 146840256 5 1 1
1 4 94838398 5 1 1
1 4 93011403 4 1 1
1 4 94843701 5 1 1
1 5 178006671 4 1 1
1 5 27902051 5 1 1
1 5 167464618 5 1 1
1 5 10022179 4 1 1
1 5 20373395 5 1 1
1 5 63368739 4 1 1
1 6 52572732 5 1 1
1 6 118041774 5 1 1
1 7 83440747 5 1 1
1 7 196432012 4 1 1
1 7 111386965 4 1 1
1 7 104900074 4 1 1
1 7 113356737 5 1 1
1 7 9629187 5 1 1
1 7 162706057 5 1 1
1 9 180758580 5 1 1
1 9 52886134 4 1 1
1 10 127420932 5 1 1
1 10 125870743 4 1 1
1 10 112520042 4 1 1
1 10 145175202 5 1 1
1 10 9751079 5 1 1
1 10 126013364 4 1 1
1 11 28088020 5 1 1
1 11 143868021 4 1 1
1 11 28085184 4 1 1
1 11 128697649 4 1 1
1 11 143868027 4 1 1
1 11 165172593 4 1 1
1 12 179767178 5 1 1
1 12 148860243 4 1 1
1 12 92280192 4 1 1
1 12 92280352 5 1 1
1 12 33258604 5 1 1
1 12 95853197 5 1 1
1 12 99932072 4 1 1
1 12 45918637 4 1 1
1 12 70151915 5 1 1
1 12 99320114 4 1 1
1 12 99934164 4 1 1
1 12 45918571 4 1 1
1 12 34750591 4 1 1
1 13 161091567 4 1 1
1 13 177536146 5 1 1
1 13 11140793 4 1 1
1 13 177536059 4 1 1
1 13 49305115 4 1 1
1 13 161096066 5 1 1
1 13 140653742 5 1 1
1 13 161394295 5 1 1
1 13 128661152 4 1 1
1 13 176114631 4 1 1
1 13 48877638 4 1 1
1 13 163267589 4 1 1
1 13 162308205 4 1 1
1 13 173089225 4 1 1
1 13 161096547 4 1 1
1 13 161096471 5 1 1
1 13 161096556 5 1 1
1 13 161110493 4 1 1
1 13 161006476 4 1 1
1 13 118844497 4 1 1
1 15 116858920 4 1 1
1 15 139136344 5 1 1
1 16 32290159 4 1 1
1 16 54892336 5 1 1
1 16 144273884 5 1 1
1 16 32209397 5 1 1
1 16 78436495 5 1 1
1 16 43764073 4 1 1
1 16 45720434 5 1 1
1 16 68107729 5 1 1
1 17 78618274 5 1 1
1 17 139291156 5 1 1
1 17 138943334 5 1 1
1 17 78623648 4 1 1
1 17 120921189 5 1 1
1 17 24992211 5 1 1
1 17 44663088 4 1 1
1 17 139140914 4 1 1
1 17 104680831 5 1 1
1 17 139678021 4 1 1
1 17 139140613 5 1 1
1 17 139123651 5 1 1
1 17 139140670 5 1 1
1 17 139123670 5 1 1
1 18 146287408 5 1 1
1 18 10895125 4 1 1
1 18 10843148 5 1 1
1 19 21666519 5 1 1
1 19 37259492 5 1 1
1 19 37259299 4 1 1
1 19 8975647 4 1 1
1 19 49373298 5 1 1
1 19 9395158 4 1 1
1 19 23715099 4 1 1
1 19 21575818 5 1 1
1 20 3342875 5 1 1
1 20 77730228 4 1 1
1 20 3216569 5 1 1
1 20 3216628 4 1 1
1 20 63127814 4 1 1
1 20 30400238 5 1 1
1 20 1907034 5 1 1
1 20 89079049 4 1 1
1 20 2461772 5 1 1
1 20 139964889 5 1 1
1 21 49847851 5 1 1
1 21 119768050 4 1 1
1 21 50180668 4 1 1
1 21 2770174 5 1 1
1 21 96627722 5 1 1
1 21 18353302 5 1 1
1 21 12651909 5 1 1
1 21 12591326 5 1 1
1 21 138516113 5 1 1
1 21 138386347 5 1 1
1 22 18761875 4 1 1
1 22 24305760 5 1 1
1 22 118643125 5 1 1
1 22 18948105 5 1 1
1 22 3366224 5 1 1
1 23 148498609 4 1 1
1 23 60879313 4 1 1
1 23 48013781 5 1 1
1 24 99507261 4 1 1
1 24 84723978 4 1 1
1 24 48877513 5 1 1
1 25 83865376 5 1 1
1 25 35200781 5 1 1
1 25 85488664 5 1 1
1 26 115046712 4 1 1
1 26 29038079 5 1 1
1 27 88944473 5 1 1
1 27 89561071 4 1 1
1 27 78261846 4 1 1
1 27 74223802 4 1 1
1 27 77609972 5 1 1
1 27 87360059 5 1 1
1 27 85585700 4 1 1
1 27 73471958 4 1 1
1 27 73463177 5 1 1
1 27 87190882 5 1 1
1 27 77578301 5 1 1
1 27 87339140 4 1 1
1 27 87360056 5 1 1
1 27 87359507 5 1 1
1 28 76852549 4 1 1
1 28 76830860 4 1 1
1 29 97001708 4 1 1
1 29 59956346 4 1 1
1 29 97211132 5 1 1
1 29 60097953 4 1 1
1 29 58520090 5 1 1
1 29 96285635 4 1 1
1 29 95543101 5 1 1
1 29 97133230 4 1 1
1 29 89802693 5 1 1
1 30 98496201 4 1 1
1 30 12457635 5 1 1
1 31 75413826 4 1 1
1 31 43275893 4 1 1
1 31 74138839 5 1 1
1 31 88165400 4 1 1
1 32 73820067 5 1 1
1 32 60483763 5 1 1
1 32 92201890 5 1 1
1 33 43466576 5 1 1
1 33 43637157 5 1 1
1 34 52270955 5 1 1
1 34 2268082 5 1 1
1 34 51293952 4 1 1
1 34 42558622 4 1 1
1 35 47841847 5 1 1
1 35 3165452 5 1 1
1 35 45914318 4 1 1
1 35 64745920 4 1 1
1 35 48847648 4 1 1
1 35 15977362 5 1 1
1 37 39429994 4 1 1
1 37 39612767 5 1 1
1 37 39495190 4 1 1
1 37 26603239 4 1 1
1 37 40159459 5 1 1
1 37 39588733 5 1 1
1 37 26613314 5 1 1
1 38 67817704 4 1 1
1 38 24880936 5 1 1
1 39 44737315 5 1 1
1 39 11953165 4 1 1
1 39 43423891 4 1 1
1 39 59141849 4 1 1
1 40 25123279 5 1 1
1 40 25693544 5 1 1
1 40 11053469 5 1 1
1 40 11631442 4 1 1
1 40 11081991 4 1 1
1 40 11614336 5 1 1
1 40 11106433 5 1 1
1 40 25119412 4 1 1
1 40 23876392 4 1 1
1 40 25123514 4 1 1
1 40 23094102 5 1 1
1 40 21173159 4 1 1
1 40 24819582 4 1 1
1 40 24819714 4 1 1
1 41 13353938 4 1 1
1 41 11928044 4 1 1
1 44 16546865 5 1 1
1 45 31670747 5 1 1
1 46 103516166 5 1 1
1 46 126739051 4 1 1
1 47 23969747 5 1 1
1 47 176988149 5 1 1
1 48 40792217 5 1 1
1 48 4683336 4 1 1
1 48 214040990 5 1 1
1 48 241566749 4 1 1
1 48 46892830 4 1 1
1 48 235426326 5 1 1
1 48 46890619 4 1 1
1 48 127676977 4 1 1
1 48 128741192 5 1 1
1 48 128741520 5 1 1
1 48 33651411 4 1 1
1 48 235870124 5 1 1
1 48 42370111 4 1 1
1 48 129103955 4 1 1
1 48 174005582 5 1 1
1 48 33636788 4 1 1
1 48 130343666 4 1 1
1 49 179988371 5 1 1
1 49 47758454 4 1 1
1 49 163396653 4 1 1
1 49 7761234 4 1 1
1 49 204278333 4 1 1
1 49 3239091 4 1 1
1 49 162715776 4 1 1
1 49 177855031 4 1 1
1 50 161666359 4 1 1
1 50 173197980 5 1 1
1 50 161665611 4 1 1
1 50 180007995 4 1 1
1 50 187581132 4 1 1
1 51 101985744 5 1 1
1 51 179558497 5 1 1
1 51 141859162 4 1 1
1 51 152871420 4 1 1
1 51 126763234 4 1 1
1 51 128845282 5 1 1
1 51 196790625 5 1 1
1 51 132881439 4 1 1
1 51 117579380 4 1 1
1 51 7371371 5 1 1
1 51 117579169 4 1 1
1 52 185624910 5 1 1
1 52 18758103 4 1 1
1 52 184768534 4 1 1
1 52 204428712 4 1 1
1 52 20955326 5 1 1
1 53 153526022 4 1 1
1 54 36150957 4 1 1
1 54 97841597 5 1 1
1 54 110017523 4 1 1
1 54 38539090 5 1 1
1 54 38890517 4 1 1
1 55 47399599 5 1 1
1 55 12480065 5 1 1
1 55 143174205 4 1 1
1 56 18392079 4 1 1
1 56 104186286 5 1 1
1 56 104186296 4 1 1
1 56 84072419 4 1 1
1 56 104180581 5 1 1
1 57 60409661 5 1 1
1 58 19586091 4 1 1
1 58 139701778 4 1 1
1 58 162371797 5 1 1
1 58 102856692 4 1 1
1 58 172177720 4 1 1
1 58 22786027 4 1 1
1 59 30737465 5 1 1
1 59 132816740 5 1 1
1 59 30465080 4 1 1
1 59 101110419 5 1 1
1 60 44935070 5 1 1
1 60 103205087 5 1 1
1 60 18541611 5 1 1
1 60 105662915 5 1 1
1 60 118382142 5 1 1
1 61 14061599 5 1 1
1 62 10376199 4 1 1
1 62 133230860 4 1 1
1 63 94221862 5 1 1
1 63 94441327 5 1 1
1 63 96804717 5 1 1
1 64 64976723 5 1 1
1 64 38071872 4 1 1
1 64 43742074 5 1 1
1 64 146407553 4 1 1
1 64 69827231 4 1 1
1 64 59917205 4 1 1
1 65 153665345 4 1 1
1 66 135058553 5 1 1
1 66 101647642 5 1 1
1 66 59288740 5 1 1
1 66 92990972 5 1 1
1 67 5033820 4 1 1
1 67 106225263 5 1 1
1 67 105869943 5 1 1
1 67 119011844 4 1 1
1 67 118542072 4 1 1
1 67 130792686 4 1 1
1 67 26210537 5 1 1
1 67 118542079 5 1 1
1 67 105124279 5 1 1
1 67 106523893 5 1 1
1 67 22370026 5 1 1
1 67 106179238 5 1 1
1 67 38199554 5 1 1
1 67 106879578 5 1 1
1 68 110572295 5 1 1
1 68 38917727 4 1 1
1 68 66239922 4 1 1
1 68 139509311 5 1 1
1 68 109374277 4 1 1
1 68 108583529 4 1 1
1 68 26605041 5 1 1
1 69 56317253 5 1 1
1 69 56317254 5 1 1
1 69 56303305 5 1 1
1 69 56135423 4 1 1
1 69 56880571 4 1 1
1 69 139220956 5 1 1
1 69 12158171 4 1 1
1 69 86000607 5 1 1
1 69 56413731 5 1 1
1 69 56413187 5 1 1
1 69 6673008 5 1 1
1 69 55943663 4 1 1
1 69 56090464 4 1 1
1 69 56817639 4 1 1
1 69 56880761 4 1 1
1 69 56168161 5 1 1
1 69 56168540 4 1 1
1 69 51417805 4 1 1
1 69 85325933 5 1 1
1 69 6672951 5 1 1
1 69 57546132 5 1 1
1 69 12204240 4 1 1
1 69 96669195 4 1 1
1 70 138753623 5 1 1
1 70 130126536 4 1 1
1 71 52893911 5 1 1
1 71 98962184 5 1 1
1 71 43600606 4 1 1
1 71 20732719 4 1 1
1 71 52910594 4 1 1
1 71 52382965 5 1 1
1 71 52889183 4 1 1
1 72 88702141 5 1 1
1 72 58246569 5 1 1
1 73 54170424 5 1 1
1 73 54165911 4 1 1
1 73 59549744 5 1 1
1 73 54141644 4 1 1
1 73 54168621 4 1 1
1 73 98784942 4 1 1
1 73 46204591 5 1 1
1 73 98500784 4 1 1
1 73 51396606 4 1 1
1 73 98500688 5 1 1
1 73 51872886 4 1 1
1 73 99684775 5 1 1
1 73 97927793 4 1 1
1 73 98500530 5 1 1
1 73 86129693 5 1 1
1 73 45448536 4 1 1
1 73 98991772 4 1 1
1 73 97928154 4 1 1
1 73 86129520 5 1 1
1 73 98015335 4 1 1
1 73 98500770 5 1 1
1 73 100312509 4 1 1
1 73 100323510 4 1 1
1 73 98876729 4 1 1
1 74 92952545 5 1 1
1 75 62819136 5 1 1
1 76 97298440 5 1 1
1 76 36679069 5 1 1
1 76 35294121 4 1 1
1 76 19951382 5 1 1
1 76 97136659 4 1 1
1 77 76233386 4 1 1
1 77 27829554 4 1 1
1 77 48400638 5 1 1
1 77 64774629 5 1 1
1 77 38220035 5 1 1
1 77 48066079 5 1 1
1 77 34436172 4 1 1
1 77 26384880 4 1 1
1 78 41033233 4 1 1
1 78 95114978 5 1 1
1 79 15090154 5 1 1
1 79 71750902 4 1 1
1 79 74330123 4 1 1
1 79 16495398 5 1 1
1 79 16494846 5 1 1
1 80 48761490 5 1 1
1 80 35796883 4 1 1
1 80 48761577 4 1 1
1 80 47750634 4 1 1
1 81 9965707 4 1 1
1 81 21153202 5 1 1
1 82 15356020 4 1 1
1 82 56970761 4 1 1
1 83 56544350 5 1 1
1 84 68886596 5 1 1
1 84 68886775 5 1 1
1 84 65208367 5 1 1
1 84 68886788 4 1 1
1 84 75578828 4 1 1
1 86 69408142 4 1 1
1 86 69407938 5 1 1
1 86 77244135 5 1 1
1 87 36722463 5 1 1
1 87 47228442 5 1 1
1 89 729692 4 1 1
1 91 18032610 4 1 1
1 91 7111885 4 1 1
