0 0 31044146 5 0 19.394
0 0 87516179 5 0 16.4141
0 0 41581344 4 0 17.8308
0 0 52895822 5 0 13.3932
0 0 43272237 4 0 48.5112
0 0 28643381 5 0 14.3123
0 0 94603139 4 0 16.4969
0 0 30463737 4 0 26.9021
0 0 110009403 4 0 17.9772
0 0 43272240 5 0 36.31
0 0 30105221 5 0 14.5
0 0 29474354 4 0 23.9207
0 0 28783211 4 0 31.0691
0 0 30463732 4 0 22.6376
0 0 41872584 4 0 28.9601
0 0 43193837 4 0 12.6035
0 0 30463647 5 0 10.7899
0 0 28801627 4 0 14.4021
0 0 29313064 5 0 26.7799
0 0 30947059 4 0 17.6853
0 0 43291482 4 0 18.872
0 0 29469101 5 0 17.0071
0 0 125004377 4 0 14.5
0 0 43855373 4 0 7.65082
0 0 29313074 4 0 15.4484
0 0 43272571 4 0 12.5763
0 0 188570771 4 0 15.875
0 0 145862872 4 0 15.8357
0 0 52895819 4 0 14.5
0 0 30432238 5 0 9.84072
0 0 30144735 4 0 16.6853
0 0 30463473 5 0 38.3513
0 0 198195095 5 0 14.5891
0 0 43272151 4 0 23.7
0 0 198195093 4 0 21.1471
0 0 145862875 5 0 32.3109
0 0 29399659 5 0 11.8838
0 0 28783127 4 0 18.8714
0 0 110009399 5 0 32.3
0 0 13730954 5 0 14.5
0 0 30463736 4 0 14.1922
0 0 62889610 5 0 8.17
0 0 41744675 4 0 9.71539
0 0 31043521 5 0 10.6288
0 1 222137075 4 0 8.17478
0 1 33019829 4 0 16.0979
0 1 31580740 5 0 14.5781
0 1 15880706 4 0 14.5
0 1 47401356 4 0 14.5
0 1 205337101 5 0 10.13
0 1 47400137 5 0 34.7812
0 1 155815617 5 0 14.5
0 1 204554251 5 0 19.4844
0 1 155819977 5 0 8.17
0 1 216387072 4 0 14.5
0 1 205246761 4 0 8.03977
0 1 157488978 5 0 14.5
0 2 123062055 4 0 39.0015
0 2 123062019 5 0 13.3845
0 2 10757634 5 0 14.5
0 2 97833446 5 0 13.3833
0 2 123062058 5 0 36.3499
0 2 157045503 5 0 43.7066
0 2 56600998 5 0 14.628
0 2 120383266 4 0 13.3595
0 2 52310125 5 0 16.0383
0 2 45903348 4 0 12.91
0 2 123062059 5 0 15.8233
0 2 78751441 5 0 14.4316
0 2 72755683 4 0 10.3825
0 2 8560153 4 0 13.4045
0 2 62421832 5 0 18.75
0 2 117692450 4 0 9.51554
0 2 123062054 4 0 16.05
0 2 97680780 5 0 14.5
0 3 220562753 5 0 32.2977
0 3 175492634 5 0 16.0308
0 3 229286424 5 0 15.8876
0 3 3082953 4 0 18.2832
0 3 85466247 4 0 7.96609
0 3 83380163 4 0 61.0457
0 3 83547050 5 0 19.207
0 3 205289346 5 0 21.2031
0 3 99446763 4 0 33.0439
0 3 14376744 4 0 10.789
0 3 133026264 4 0 14.5
0 3 161256645 4 0 34.8125
0 3 241852255 4 0 13.924
0 3 31383990 4 0 34.4846
0 3 226611238 5 0 13.5592
0 3 136760830 5 0 10.4483
0 3 240540661 4 0 15.7305
0 3 217276390 4 0 14.1719
0 3 84114236 4 0 14.5
0 3 31383976 5 0 17.8057
0 3 135365324 5 0 14.5
0 3 213495497 5 0 7.74521
0 3 96443061 4 0 32.2999
0 3 216320754 4 0 18.9236
0 3 31384335 4 0 15.4398
0 3 242271113 5 0 23.1875
0 3 249298539 5 0 13.8281
0 3 148908630 5 0 18.9844
0 3 96378255 4 0 18.8428
0 3 229395724 5 0 10.7937
0 3 11331350 4 0 12.5547
0 3 184874399 5 0 10.8102
0 3 99399456 5 0 10.7898
0 3 229286339 5 0 13.3937
0 3 170250653 4 0 16.0503
0 3 55727075 5 0 16.0359
0 3 24543071 4 0 32.2989
0 3 14376660 4 0 14.5
0 3 83538371 4 0 13.3902
0 3 99426182 4 0 9.21313
0 3 83380009 5 0 18.6016
0 3 14441051 4 0 12.2636
0 3 216936794 5 0 7.78305
0 4 185415526 4 0 13.5625
0 4 2403961 4 0 15.5625
0 4 18228468 5 0 11
0 4 16028967 5 0 14.5
0 4 185286938 4 0 12.91
0 5 55043022 4 0 26.18
0 5 55258689 4 0 13.1208
0 5 16161765 5 0 22.8363
0 5 54945686 4 0 20.3658
0 5 53682310 4 0 17.0793
0 5 53116810 4 0 11.5527
0 5 66001871 4 0 13.6851
0 5 66692800 5 0 17.2783
0 5 202792582 4 0 16.6988
0 5 202792583 5 0 16.6406
0 5 197793076 5 0 8.17
0 5 7207680 4 0 24.1705
0 5 190229680 4 0 16.0536
0 5 66381966 4 0 50.8393
0 5 30478472 5 0 20.2266
0 5 55233395 5 0 16.2402
0 5 205640321 4 0 14.0039
0 5 7244645 5 0 17.4731
0 5 66001715 5 0 16.05
0 5 54933230 5 0 18.7939
0 5 53682384 5 0 10.7899
0 5 66683579 4 0 18.2354
0 5 27671888 4 0 10.792
0 5 30827253 5 0 12.91
0 5 197756813 5 0 18.9883
0 5 19119368 5 0 12.91
0 5 16162206 4 0 12.3173
0 5 66012463 4 0 9.24078
0 6 120230368 4 0 29.4518
0 6 121040447 5 0 10.79
0 6 99223571 4 0 12.4375
0 6 133407441 4 0 14.875
0 6 26030710 4 0 16.0465
0 6 119191887 4 0 25.875
0 6 120347368 4 0 13.9609
0 6 132204926 5 0 11.5
0 6 161315289 5 0 14.5
0 6 56484188 4 0 16.0427
0 6 120230357 5 0 22.6453
0 6 99341877 5 0 16.0528
0 6 67405372 4 0 8.47242
0 6 25147936 5 0 14.5
0 6 121040447 4 0 10.7931
0 7 140104024 4 0 9.99731
0 7 105124369 5 0 13.39
0 7 56380186 5 0 20.125
0 7 130236324 4 0 31.8966
0 7 164087361 5 0 12.5495
0 7 52993604 4 0 14.25
0 7 40136355 4 0 15.7346
0 7 171045911 5 0 12.91
0 7 52599610 5 0 14.0859
0 7 23200752 5 0 14.5
0 7 57140561 4 0 11.8584
0 7 40136354 5 0 13.39
0 7 183534759 4 0 14.5
0 7 173627087 5 0 10.6074
0 7 40136362 5 0 24.18
0 7 40136356 5 0 13.4443
0 7 101556011 4 0 18.2719
0 7 40136357 5 0 16.8446
0 7 52874624 4 0 8.46695
0 7 168684857 5 0 12.25
0 7 168684563 5 0 10.7894
0 7 85546629 4 0 18.1875
0 7 105124370 5 0 32.3074
0 8 35239628 5 0 16.6608
0 8 120914077 4 0 10.7777
0 8 74038800 4 0 18.3927
0 8 41595975 5 0 17.25
0 8 80275871 4 0 39.3125
0 8 188661316 5 0 18.957
0 8 43527297 4 0 9.08317
0 8 181141223 4 0 8.94205
0 8 2616402 5 0 14.5
0 9 165656279 5 0 21.7344
0 9 135479862 5 0 16.0351
0 9 29515893 5 0 30.0308
0 9 146525369 5 0 19.0156
0 9 7880103 5 0 13.3917
0 9 135479864 5 0 10.79
0 9 202772934 5 0 14.625
0 9 133247729 4 0 16.6797
0 9 181799888 4 0 18.9696
0 9 152432216 4 0 12.91
0 9 100069348 5 0 8.08331
0 9 135479951 4 0 12.16
0 9 135346911 5 0 9.56632
0 9 9073766 4 0 9.47511
0 10 10731768 5 0 13.403
0 10 169753280 5 0 14.4706
0 10 11959901 5 0 16.049
0 10 158539184 5 0 15.0604
0 10 159486386 4 0 20.0976
0 10 102726854 4 0 9.1712
0 10 58425963 4 0 32.2981
0 10 68710787 4 0 10.7906
0 11 104049647 4 0 17.6562
0 11 58803469 4 0 16.7541
0 11 1860164 4 0 20.0938
0 11 67181242 5 0 7.58945
0 11 58003357 5 0 9.50783
0 11 46498851 4 0 11.1562
0 11 68072256 5 0 23.0094
0 11 95775868 5 0 16.1518
0 11 58006811 5 0 29.9229
0 11 82348297 5 0 10.7901
0 11 7509689 4 0 16.5625
0 11 71676468 4 0 16.05
0 11 58600640 5 0 19.7158
0 11 58003347 5 0 13.3901
0 11 71517629 5 0 11.9199
0 11 45149788 5 0 12.91
0 11 69212495 4 0 35.5666
0 11 58003169 5 0 11.4446
0 11 58797138 4 0 14.5
0 11 70709761 5 0 7.50952
0 11 82220619 5 0 16.0499
0 11 69212793 5 0 18.8863
0 11 57873988 4 0 14.6379
0 11 82220605 5 0 37.9375
0 11 95645289 5 0 9.31547
0 11 71517624 4 0 16.05
0 11 57997567 5 0 12.91
0 11 70715900 5 0 14.5
0 11 115716369 5 0 16.75
0 11 102732404 4 0 12.3125
0 11 102737545 5 0 10.9424
0 11 159857547 5 0 16.0156
0 11 95775869 5 0 14.219
0 11 68072246 5 0 14.9899
0 11 70630790 4 0 17.7754
0 11 82743885 4 0 16.5059
0 11 79313887 4 0 10.9062
0 11 69212791 4 0 16.05
0 11 71517620 5 0 14.371
0 11 102737325 4 0 10.13
0 11 70219551 5 0 11.6333
0 11 21378077 5 0 9.96704
0 11 82348453 5 0 7.55114
0 11 57873933 5 0 20.4487
0 11 69212494 5 0 15.1344
0 11 58803468 4 0 16.05
0 11 68082822 4 0 7.73057
0 11 70641920 4 0 14.5
0 11 58158708 4 0 7.67993
0 12 81800547 4 0 17.4688
0 12 100457674 4 0 26.5625
0 12 104870431 5 0 17.7344
0 12 83266668 4 0 31.8243
0 12 129960679 5 0 8.45497
0 12 130538320 5 0 16.2975
0 12 89808417 4 0 13.2812
0 12 119335152 5 0 9.82515
0 12 101694928 4 0 16.668
0 12 91145146 5 0 13.3895
0 12 85369449 4 0 11.8613
0 12 96650927 4 0 12.91
0 12 130538321 4 0 22.9577
0 12 105369638 4 0 9.84342
0 12 68843264 5 0 15.8418
0 12 130538319 4 0 16.1413
0 12 119816289 5 0 16.0499
0 12 84598407 5 0 11.292
0 12 69791878 4 0 12.91
0 12 86758305 4 0 16.9502
0 12 41866737 5 0 14.1875
0 12 129964767 4 0 14.75
0 12 86962424 4 0 8.79785
0 13 135740882 5 0 25.0531
0 13 164948427 5 0 11.0909
0 13 164752250 5 0 11.5966
0 13 68779957 5 0 10.7932
0 13 137496794 4 0 15.875
0 13 135740883 5 0 29.8445
0 13 114980876 4 0 10.13
0 13 155845520 4 0 10.7853
0 14 55780391 4 0 13.6391
0 14 143605064 4 0 12.2969
0 14 55780390 5 0 20.3402
0 14 12647349 5 0 12.91
0 14 55780389 4 0 14.5
0 15 60369825 5 0 17.8125
0 15 44642909 4 0 17.25
0 15 95573557 5 0 15.3945
0 15 119616346 5 0 18.803
0 15 40172639 4 0 12.91
0 15 31989466 5 0 16.5469
0 15 38751996 5 0 32.4336
0 15 26924118 5 0 12.91
0 15 51960329 4 0 10.7874
0 15 44642791 5 0 13.7812
0 15 56136571 4 0 14.5
0 15 115367425 4 0 12.91
0 16 91498245 5 0 36.3125
0 16 35504869 4 0 12.5142
0 16 77679869 5 0 12.6948
0 16 108764293 4 0 13.5258
0 16 77679787 4 0 32.3
0 16 103696990 4 0 14.5
0 16 77679786 4 0 13.39
0 16 125161159 5 0 7.51037
0 16 77679665 4 0 7.57329
0 17 70208337 4 0 11.5204
0 17 61363320 4 0 18.8851
0 17 74066576 5 0 12.5421
0 17 74061599 5 0 14.4823
0 17 74667881 4 0 15.0349
0 17 145721560 5 0 68.0262
0 17 144304660 5 0 10.79
0 17 61896121 4 0 12.2422
0 17 144304597 5 0 11.6108
0 17 61967015 4 0 9.38768
0 17 74061568 5 0 17.8084
0 17 72447364 4 0 10.151
0 17 22873533 4 0 11.4922
0 17 71564888 5 0 20.7756
0 17 74061642 5 0 57.6639
0 17 92911916 4 0 27.9015
0 17 73293395 5 0 8.54191
0 17 144304727 4 0 21.7214
0 17 74070296 4 0 13.39
0 17 140350750 4 0 10.1041
0 17 144304714 4 0 12.4053
0 17 144304661 5 0 21.9604
0 17 66397025 4 0 12.7238
0 17 61272778 4 0 42.1183
0 17 74667882 4 0 12.2907
0 17 151723633 5 0 18.5
0 17 21384662 5 0 17.2277
0 17 51497484 5 0 13.5547
0 17 90186794 5 0 12.3784
0 17 79979435 5 0 11.9062
0 17 74070606 4 0 12.7688
0 17 26005768 5 0 14.5
0 17 70075137 4 0 10.13
0 17 144430695 5 0 14.5
0 17 64411691 4 0 12.2383
0 17 144196417 4 0 12.91
0 17 73133463 5 0 16.0501
0 17 62186462 4 0 14.1953
0 17 52951735 5 0 14.5
0 17 13729043 5 0 19.8798
0 17 70208246 4 0 10.13
0 17 70245386 4 0 16.05
0 17 52951750 5 0 10.79
0 17 52951752 4 0 16.0507
0 17 144360557 4 0 32.3516
0 17 32855129 5 0 11.31
0 17 74667884 4 0 13.999
0 17 74061566 4 0 16.6053
0 17 145721564 4 0 13.39
0 17 13729044 5 0 32.2999
0 17 25815901 4 0 7.97432
0 17 25845438 5 0 14.5
0 17 61056141 4 0 13.39
0 17 129530109 4 0 16.0521
0 17 61363328 5 0 16.0524
0 17 74070685 4 0 32.3
0 18 151771280 4 0 10.7956
0 18 140727180 4 0 15.7188
0 19 104888775 5 0 75.351
0 19 923067 4 0 11.176
0 19 104888777 5 0 18.1526
0 19 85713071 4 0 11.8125
0 19 118768308 5 0 41.0364
0 19 35254281 4 0 14.5
0 19 118211015 5 0 10.1195
0 19 78505093 5 0 13.386
0 19 107199088 5 0 15.5938
0 19 103757281 4 0 14.5
0 19 160706 4 0 10.8054
0 20 41111310 5 0 32.3144
0 20 13260783 5 0 9.62818
0 20 78120767 4 0 14.5
0 20 13108875 5 0 16.0593
0 20 41796414 4 0 14.5
0 20 27367631 5 0 7.9037
0 21 47600468 4 0 33.6844
0 21 47600463 5 0 20.2114
0 21 47600553 4 0 18.9026
0 21 72936850 4 0 12.0625
0 21 68077346 4 0 9.70636
0 21 121790034 5 0 13.399
0 21 58058455 5 0 14.2598
0 21 51853980 4 0 10.438
0 21 47600466 5 0 20.7309
0 21 65921923 4 0 20.875
0 21 58184248 4 0 16.251
0 21 57186074 4 0 32.3042
0 21 58175736 5 0 8.58276
0 21 51060192 5 0 10.5621
0 21 109038816 5 0 9.83894
0 21 51424586 5 0 20.1934
0 21 47690922 5 0 8.4219
0 22 116931736 4 0 19.8594
0 22 62141774 5 0 12.1875
0 22 127244278 5 0 14.5
0 22 129494827 5 0 11.7996
0 22 68584095 5 0 13.8247
0 23 53757237 5 0 30.3097
0 23 65963595 4 0 12.91
0 23 66694120 5 0 16.0779
0 23 52258454 5 0 17.0399
0 23 52258302 4 0 10.9103
0 23 66981469 5 0 43.7258
0 23 64372626 5 0 34.9238
0 23 64372544 5 0 12.91
0 23 64353350 4 0 14.5
0 23 27080850 4 0 16.0226
0 23 42614487 4 0 12.4375
0 23 52258515 4 0 13.39
0 23 19311167 5 0 12.91
0 23 52258461 4 0 17.8829
0 23 102655539 5 0 18.875
0 23 102901407 4 0 10.7038
0 23 41257473 5 0 8.20766
0 23 53757236 5 0 13.0125
0 23 8373199 4 0 7.60315
0 23 7668591 5 0 18.2503
0 23 9187553 5 0 18.2461
0 23 7671562 5 0 13.3912
0 23 64353314 5 0 8.17
0 23 53757325 5 0 14.5
0 23 54945802 5 0 18.4951
0 23 66981468 5 0 16.0497
0 23 53795493 5 0 15.9053
0 23 66688269 5 0 12.91
0 23 55050926 4 0 10.13
0 23 53757232 4 0 16.0312
0 24 53078587 5 0 10.7784
0 24 63976620 4 0 14.5
0 24 27002955 5 0 10.875
0 24 133258896 5 0 19.851
0 24 139355405 5 0 12.91
0 24 133628892 5 0 9.26451
0 24 17871497 5 0 14.5
0 25 23970401 4 0 40.2938
0 25 11144506 5 0 11.113
0 25 11138086 4 0 12.8133
0 25 10582967 4 0 16.5043
0 25 11001168 5 0 32.2999
0 25 81218 4 0 20.2898
0 25 26936222 4 0 36.179
0 25 11144513 5 0 10.79
0 25 11001412 4 0 13.7114
0 25 11118985 4 0 7.7701
0 25 11124371 4 0 13.3899
0 25 11001372 5 0 7.95858
0 25 11144503 4 0 18.3861
0 25 31728423 5 0 11.0884
0 25 11145135 5 0 11.2602
0 25 31728339 5 0 32.2999
0 25 23970417 5 0 10.79
0 25 2469937 5 0 11.6914
0 25 3094000 4 0 16.0625
0 25 11138311 4 0 13.3901
0 25 80996 5 0 19.1245
0 25 10465722 4 0 46.8
0 25 11157410 5 0 8.02455
0 25 10465724 5 0 14.1417
0 25 10465723 5 0 11.1784
0 25 81219 4 0 10.7901
0 25 10465636 5 0 10.13
0 25 11144523 4 0 16.2015
0 25 11144511 5 0 8.17
0 25 11144510 5 0 13.39
0 26 42895393 4 0 14
0 26 121051968 4 0 12.1199
0 26 78837384 5 0 26.6096
0 26 7047222 5 0 15.4375
0 26 124141694 4 0 9.96723
0 27 42702641 5 0 34.7608
0 27 92778422 4 0 10.79
0 27 3277656 5 0 17.6702
0 27 58904889 4 0 11.055
0 27 3277655 5 0 13.3733
0 27 69387839 4 0 13.7812
0 27 70942010 4 0 18.133
0 28 102109131 5 0 11.2812
0 28 86064405 4 0 8.13938
0 28 19680052 5 0 10.7869
0 28 27143951 4 0 9.86424
0 29 26950257 4 0 15.0071
0 29 6564380 5 0 13.4077
0 29 70103123 4 0 14.7213
0 29 11297435 5 0 16.5625
0 29 70103126 5 0 13.3881
0 29 7269292 4 0 12.6599
0 30 44124369 4 0 10.8006
0 30 43089985 4 0 15.7014
0 30 83196716 4 0 32.4375
0 30 89136396 5 0 12.1723
0 30 84090460 4 0 13.75
0 30 42126951 4 0 8.10427
0 30 43361102 5 0 11
0 30 42812699 4 0 9.98644
0 30 36939056 5 0 14.5
0 30 26233435 5 0 16.665
0 30 29230059 5 0 11.1343
0 30 6927684 4 0 14.5
0 30 13835671 4 0 16.0485
0 30 26600696 5 0 8.17
0 30 26318551 5 0 7.5774
0 30 43222912 5 0 10.172
0 30 40511097 5 0 14.5
0 30 43089980 5 0 10.7895
0 31 1757361 5 0 12.6307
0 31 23051609 5 0 9.87241
0 31 33987180 4 0 11.6276
0 31 41750849 4 0 9.48934
0 31 84208561 4 0 10.7666
0 31 51871892 4 0 13.3672
0 31 49909218 4 0 21.3018
0 31 27266391 5 0 20.3908
0 31 27266390 4 0 13.3593
0 31 84208645 4 0 17.2743
0 31 51520604 4 0 12.3516
0 31 77351360 5 0 7.54207
0 31 49909137 4 0 17.5859
0 31 84208562 4 0 11.5216
0 31 1759540 4 0 13.5402
0 31 33987006 5 0 10.7914
0 31 2382053 5 0 7.71691
0 33 70495355 5 0 16.0498
0 33 57948315 5 0 10.7969
0 33 45344776 5 0 16.08
0 33 70536652 4 0 12.91
0 33 45901129 5 0 13.4174
0 33 71701808 4 0 10.0483
0 33 70495266 4 0 16.1918
0 33 28012498 4 0 14.5
0 33 70045092 5 0 10.7912
0 33 71716301 5 0 18.8008
0 34 45298620 4 0 18.4375
0 35 65271822 5 0 11.6374
0 35 56804496 4 0 12.2686
0 35 75464422 5 0 13.39
0 35 55677868 4 0 24.5362
0 35 76415629 4 0 55.3469
0 35 52596363 5 0 15.8223
0 35 76404998 4 0 13.39
0 35 76619833 4 0 24.22
0 35 75464421 5 0 58.4698
0 35 76079662 4 0 14.6196
0 35 69600493 4 0 18.5156
0 35 53273857 5 0 17.4429
0 35 53021262 4 0 10.7936
0 35 75762396 5 0 13.5879
0 35 75762397 4 0 13.39
0 35 74677896 5 0 20.92
0 35 56625350 5 0 20.7604
0 35 76415632 5 0 20.087
0 35 61263874 4 0 13.39
0 35 19220524 4 0 14.2656
0 35 53505427 5 0 18.6898
0 35 72451196 5 0 12.74
0 35 55625176 4 0 18.7118
0 35 53505443 5 0 16.4282
0 35 75464424 4 0 16.4904
0 35 73327776 4 0 12.4683
0 35 55633967 5 0 14.5
0 35 76405403 4 0 40.47
0 35 53505428 5 0 32.2999
0 35 76079663 4 0 14.3523
0 35 72413110 4 0 20.3237
0 35 74677948 4 0 24.8752
0 35 76079570 5 0 30.55
0 35 76405732 4 0 8.22094
0 35 75762377 4 0 28.7646
0 35 75852598 5 0 8.8092
0 35 61263929 5 0 23.2632
0 35 53274252 5 0 19.8723
0 35 6229515 4 0 10.7841
0 35 55677867 4 0 13.3899
0 35 55693845 5 0 12.8125
0 35 70353405 5 0 10.7901
0 35 52596406 5 0 17.2707
0 35 65277699 5 0 10.13
0 35 76079668 4 0 33.6516
0 35 75464677 4 0 10.0329
0 35 56228696 4 0 15.2766
0 35 53594172 5 0 9.95644
0 35 73327855 5 0 10.79
0 35 72466856 5 0 10.79
0 35 75633224 4 0 8.1063
0 35 75452681 4 0 9.83257
0 35 67573801 4 0 10.4887
0 36 12034392 4 0 13.39
0 36 37140650 5 0 11.2223
0 36 24073244 5 0 21.8474
0 36 24073199 4 0 23.5391
0 36 25653973 4 0 18.9922
0 37 33461990 4 0 12.25
0 37 55668794 4 0 21.1484
0 37 8169956 4 0 15.7722
0 37 55604516 5 0 12.91
0 38 59559369 4 0 24.1749
0 38 8851764 5 0 14.5
0 38 9060238 4 0 14.5
0 38 51323696 4 0 17.3281
0 38 58792812 4 0 16.0503
0 38 8055737 4 0 13.1699
0 38 21749908 4 0 14.9974
0 38 58865206 4 0 10.0591
0 38 10780743 5 0 25.0918
0 38 10124934 4 0 7.78879
0 38 21749903 4 0 32.2994
0 38 10782355 5 0 10.13
0 38 10780740 4 0 13.3906
0 38 11028092 4 0 17.084
0 39 1476272 4 0 8.17
0 39 795529 4 0 17.2422
0 39 35047482 5 0 15.6664
0 39 20024801 4 0 7.64941
0 39 35047341 4 0 20.8859
0 39 35475205 4 0 13.0703
0 39 20194007 4 0 14.5
0 39 2137042 5 0 19.1321
0 39 34310197 4 0 16.05
0 39 35047342 5 0 28.5405
0 39 15604624 4 0 16.5
0 39 35463212 4 0 10.79
0 39 36308542 5 0 9.50606
0 39 35047422 4 0 10.79
0 39 35046495 4 0 9.73479
0 39 35463211 4 0 14.5
0 39 35047312 4 0 8.04223
0 39 36338262 5 0 8.94587
0 41 49504422 4 0 31.1462
0 41 49504425 4 0 14.062
0 41 37278855 5 0 14.0706
0 41 36736645 4 0 31.5669
0 41 40126453 4 0 13.39
0 43 7884571 5 0 20.0028
0 43 14337535 5 0 16.8641
0 43 14337546 5 0 29.0666
0 43 14337542 4 0 16.0403
0 43 19640281 4 0 16.3379
0 43 19640285 5 0 11.5216
0 44 11131315 4 0 54.6682
0 44 18788246 4 0 14.5
0 44 7279855 4 0 17.1089
0 44 35206558 5 0 7.6664
0 44 11131314 4 0 22.1948
0 44 11131316 4 0 12.9068
0 44 10365201 4 0 14.5
0 44 11131256 4 0 13.2527
0 45 3878378 5 0 38.25
0 45 10372370 5 0 12.25
0 46 223170783 5 0 27.9974
0 46 254833393 5 0 13.0625
0 46 42267114 4 0 45.2854
0 46 154302515 5 0 20.8564
0 46 118774670 4 0 15.0322
0 46 242057664 5 0 17.625
0 46 158861157 4 0 13.3903
0 46 154600041 4 0 15.1279
0 46 159527060 4 0 19.9111
0 46 73903463 4 0 12.1655
0 46 164352925 5 0 15.3867
0 46 173044722 5 0 16.3711
0 46 166893700 4 0 12.91
0 46 154308980 5 0 10.5846
0 46 157347055 4 0 9.18719
0 46 152110810 4 0 13.3882
0 46 88295751 4 0 11.1875
0 46 64078412 4 0 11.2334
0 46 119016264 4 0 12.3171
0 46 166893784 4 0 12.2336
0 46 166818648 4 0 16.0501
0 46 154602767 5 0 10.7903
0 46 132132064 5 0 14.25
0 46 164352921 4 0 20.4824
0 46 155907490 4 0 19.6357
0 46 222309419 4 0 14.5
0 46 154614779 5 0 9.00153
0 46 73903782 4 0 16.022
0 47 60402607 5 0 14.5
0 47 178486407 5 0 11.376
0 47 61702117 5 0 28.4715
0 47 168236669 5 0 43.0904
0 47 57448971 5 0 21.6606
0 47 178486394 4 0 17.1843
0 47 88089268 5 0 27.1414
0 47 7762055 4 0 37.7977
0 47 174468999 4 0 31.634
0 47 89023121 4 0 19.6424
0 47 7762058 5 0 10.79
0 47 146526006 4 0 13.4375
0 47 100933514 5 0 13.2273
0 47 175212822 4 0 8.86865
0 47 58147548 5 0 8.03445
0 47 180421425 4 0 17.9991
0 47 228541159 5 0 10.2341
0 47 178486403 4 0 16.3946
0 47 174276624 4 0 10.3486
0 47 100933409 5 0 11.6268
0 47 61702119 4 0 16.0121
0 47 175212896 5 0 8.17
0 47 204542793 5 0 16.0519
0 47 100933513 5 0 22.0333
0 47 61576005 4 0 17.9014
0 47 59902729 5 0 13.3898
0 47 174755158 5 0 12.1025
0 47 175194586 4 0 11.2607
0 47 40431486 4 0 13.39
0 47 174549254 5 0 18.2955
0 47 178486404 4 0 13.3899
0 47 102046164 5 0 15.2222
0 47 61701982 5 0 13.6645
0 47 128205280 4 0 11.724
0 47 2521199 5 0 12.3691
0 47 180421476 4 0 16.05
0 47 138395035 4 0 11.9926
0 47 180420823 4 0 20.5533
0 47 138395026 4 0 10.776
0 47 204542709 5 0 28.5363
0 47 180421344 4 0 14.6711
0 47 21754773 5 0 14.5
0 47 60413238 4 0 13.3902
0 47 168237372 4 0 7.81733
0 47 51865442 5 0 8.08061
0 47 57961877 4 0 8.73958
0 47 180421474 5 0 27.89
0 47 57831932 4 0 14.5
0 47 60318863 4 0 8.17
0 47 4332516 5 0 16.0519
0 47 61702120 4 0 27.1204
0 47 59617061 5 0 14.8838
0 47 58683910 4 0 7.8951
0 47 138395031 4 0 17.5751
0 47 134811683 5 0 16.0501
0 47 6302347 5 0 11.7873
0 47 61537334 5 0 32.3001
0 47 3403777 4 0 10.7901
0 48 223378220 4 0 7.54045
0 48 223231193 5 0 12.6032
0 48 162410903 4 0 8.13013
0 48 160244587 5 0 33.1108
0 48 207371935 5 0 39.8884
0 48 163379691 4 0 16.4028
0 48 223383956 5 0 16.3415
0 48 205630219 5 0 10.6163
0 48 162098006 5 0 12.2104
0 48 189976131 4 0 16.7871
0 48 203391452 5 0 32.3037
0 48 161223290 5 0 43.8649
0 48 89044643 5 0 15
0 48 91168771 5 0 11.5312
0 48 162707449 5 0 17.5665
0 48 223231356 5 0 21.56
0 48 160244622 5 0 19.8258
0 48 206554326 5 0 16.7324
0 48 161354245 5 0 13.3902
0 48 162663146 5 0 31.0703
0 48 223383917 5 0 17.9163
0 48 162843338 5 0 13.3902
0 48 181618604 4 0 22.1852
0 48 223383913 4 0 13.39
0 48 160244623 5 0 12.5542
0 48 161223384 4 0 20.687
0 48 223384284 4 0 23.3586
0 48 193445418 5 0 13.3898
0 48 99937289 5 0 15.4375
0 48 189976210 4 0 12.91
0 48 161354336 5 0 14.9213
0 48 225146973 5 0 11.3588
0 48 203676441 5 0 18.1714
0 48 162062129 4 0 10.7899
0 48 161223525 5 0 12.502
0 48 193443176 4 0 539
0 48 205844219 4 0 13.3352
0 48 207510735 5 0 15.4338
0 48 207490577 4 0 34.8457
0 48 193445316 5 0 14.5
0 48 161223564 5 0 10.8044
0 48 225146964 5 0 10.13
0 48 158818872 4 0 17.6156
0 48 101359508 4 0 10.7996
0 48 208570880 5 0 10.8056
0 48 223383952 4 0 13.8358
0 48 207356408 4 0 17.0252
0 48 97076471 5 0 11.9375
0 48 190870371 5 0 8.10292
0 48 164024904 5 0 9.42028
0 48 197226241 4 0 11.5625
0 48 103327302 4 0 7.71032
0 48 160564675 4 0 9.8005
0 48 203355150 5 0 10.7899
0 48 204589152 5 0 9.49132
0 48 206603368 4 0 9.09042
0 48 218421716 4 0 14.5
0 48 122889911 4 0 22.5088
0 48 223277263 5 0 13.2067
0 48 122894012 5 0 13.39
0 48 162098012 4 0 16.05
0 48 97280642 5 0 10.2637
0 48 181618579 5 0 10.13
0 48 223384286 4 0 13.7378
0 48 121211311 4 0 10.8763
0 48 223383912 4 0 10.79
0 48 205844220 4 0 16.05
0 48 164815531 4 0 12.91
0 48 207356409 4 0 13.3899
0 48 114445842 5 0 13.875
0 48 158818818 4 0 10.7906
0 48 134118781 5 0 10.3269
0 48 180823530 4 0 11.9412
0 48 91168766 4 0 10.7897
0 48 153851840 4 0 12.178
0 48 162097992 5 0 10.13
0 49 163913550 5 0 16.0372
0 49 46133084 5 0 70.8331
0 49 66647359 4 0 13.39
0 49 199484289 5 0 11.0396
0 49 12169574 4 0 27.9205
0 49 198296043 4 0 13.7767
0 49 151485869 5 0 19.7864
0 49 58995367 5 0 32.3
0 49 92819180 5 0 14.5
0 49 47649543 5 0 14.5
0 49 177266026 5 0 13.5625
0 49 88744465 5 0 14.1951
0 49 151485871 5 0 30.8849
0 49 184892201 5 0 10.79
0 49 44160475 4 0 26.7809
0 49 41302095 4 0 15.6261
0 49 79329014 5 0 18.6406
0 49 61351522 4 0 13.3896
0 49 44098098 5 0 15.7368
0 49 199483715 5 0 13.8539
0 49 184892199 4 0 28.9302
0 49 44152565 4 0 17.7432
0 49 33400044 5 0 13.8203
0 49 67188278 4 0 11.7529
0 49 142170189 4 0 11.75
0 49 178034350 4 0 16.34
0 49 44160477 5 0 17.3278
0 49 185691537 5 0 12.91
0 49 199483690 5 0 16.588
0 49 56236202 4 0 29.416
0 49 185117267 4 0 16.0552
0 49 151482250 5 0 10.6047
0 49 178034264 4 0 21.7813
0 49 188132395 4 0 23.9587
0 49 182567830 4 0 14.5
0 49 199483689 5 0 19.1714
0 49 215092646 4 0 13.39
0 49 184892200 4 0 14.3039
0 49 151485866 5 0 20.9552
0 49 199483692 5 0 48.5278
0 49 67188503 4 0 13.3903
0 49 199483688 4 0 49.5331
0 49 25513555 5 0 14.2852
0 49 69212864 4 0 7.74226
0 49 150933789 4 0 26.8353
0 49 150933791 4 0 13.39
0 49 180151969 5 0 9.79478
0 49 150711669 4 0 38.1562
0 49 163913551 5 0 22.6987
0 49 165528664 5 0 24.9132
0 49 66625910 4 0 13.3901
0 49 169161044 5 0 14.5
0 49 199483691 5 0 13.39
0 49 43164313 5 0 9.1311
0 49 230682298 5 0 9.047
0 49 12169732 4 0 16.05
0 49 22674105 4 0 16.0493
0 49 182562121 5 0 14.5
0 49 180139409 4 0 10.7836
0 50 73119602 4 0 11.625
0 50 188508544 5 0 9.37486
0 50 156066325 4 0 10.9062
0 50 86015495 4 0 18.6262
0 50 68821100 4 0 13.4064
0 50 184553737 4 0 15.5
0 50 96644033 5 0 11.8271
0 50 63527536 4 0 14.5
0 50 167067487 5 0 10.13
0 50 81122763 4 0 12.582
0 50 79667121 4 0 12.4416
0 50 77638170 5 0 31.2488
0 50 96644026 4 0 11.4763
0 50 90104143 4 0 14.6504
0 50 156756912 4 0 36.5938
0 50 965948 4 0 13.4026
0 50 96644579 4 0 7.9732
0 50 32461400 5 0 13.875
0 50 96644032 5 0 18.7502
0 50 201510493 5 0 9.62148
0 50 85316740 5 0 12.0033
0 50 78983734 4 0 7.57358
0 50 88349014 4 0 32.2994
0 50 94553029 5 0 14.5
0 50 66297620 4 0 14.4501
0 50 96927256 4 0 14.5
0 51 47314997 5 0 16.4873
0 51 21607531 5 0 17.8115
0 51 6500072 5 0 51.3249
0 51 42540788 4 0 29.4395
0 51 6515408 5 0 13.1707
0 51 6500152 5 0 17.082
0 51 6515081 4 0 18.0979
0 51 21758983 4 0 12.1914
0 51 6499704 4 0 12.4224
0 51 6499577 4 0 12.4774
0 51 6894228 5 0 8.70946
0 51 19527854 5 0 8.17
0 51 104306257 5 0 11.2758
0 51 47315037 5 0 11.1475
0 51 6515074 4 0 29.6187
0 51 6744423 4 0 13.6874
0 51 21824165 5 0 10.5186
0 51 82971482 4 0 14.4159
0 51 32992250 5 0 12.91
0 51 180669844 5 0 14.5
0 51 34385902 5 0 30.2023
0 51 7259413 5 0 18.1738
0 51 47217517 4 0 48.2094
0 51 32992235 5 0 16.2547
0 51 7262541 4 0 17.833
0 51 53097643 5 0 14.474
0 51 25712532 4 0 11.0938
0 51 7914056 4 0 8.59813
0 51 7354098 5 0 18.2271
0 51 94030022 4 0 10.7636
0 51 46372147 4 0 7.87474
0 51 154468733 5 0 14.5
0 51 47929921 4 0 18.6905
0 51 6178804 5 0 13.39
0 51 185503837 4 0 14.5
0 51 6500075 5 0 21.8511
0 51 185354987 5 0 16.0281
0 51 47308568 4 0 13.39
0 51 45045138 5 0 8.09852
0 51 53097641 4 0 10.79
0 51 34385837 5 0 11.5449
0 51 21758984 4 0 14.5
0 52 153153918 4 0 17.9748
0 52 153153920 5 0 24.3055
0 52 108092060 5 0 12.9353
0 52 152431503 5 0 19.2614
0 52 104549185 4 0 20.125
0 52 150805180 5 0 12.7891
0 52 152431500 5 0 12.5555
0 52 154533247 5 0 13.5
0 52 20467118 5 0 13.5
0 52 105163604 4 0 22.67
0 52 122565272 4 0 14.5
0 52 107999559 5 0 28.3832
0 52 107999639 4 0 18.6403
0 52 104549186 5 0 47.5065
0 52 143102628 5 0 13.3926
0 52 10095761 5 0 14.5
0 52 105969364 5 0 8.53393
0 52 196317464 4 0 17.125
0 52 152431501 5 0 17.7497
0 52 152233889 4 0 10.79
0 52 133960588 5 0 7.64849
0 52 154515712 5 0 8.47012
0 52 152233888 5 0 8.17
0 52 152233890 4 0 29.44
0 52 107999556 5 0 14.5
0 52 152431302 4 0 13.6127
0 52 138857366 5 0 11.1953
0 52 8769151 5 0 12.535
0 52 105164003 4 0 8.34385
0 52 155246301 5 0 14.5
0 52 105163609 5 0 13.3845
0 53 122079252 4 0 12.8466
0 53 157810034 5 0 10.6102
0 53 109870508 5 0 62.4702
0 53 154832020 4 0 20.2517
0 53 65772505 5 0 32.136
0 53 109889272 4 0 10.7907
0 53 150523942 5 0 8.8761
0 53 111279061 4 0 32.9959
0 53 110111349 4 0 14.0456
0 53 25885529 5 0 17.9219
0 53 121917790 4 0 16.4688
0 53 110559480 4 0 10.79
0 53 110559479 4 0 22.5945
0 53 181724673 4 0 8.98332
0 53 65815583 4 0 9.81259
0 53 109870507 5 0 25.6094
0 53 165143669 4 0 10.13
0 53 161647868 5 0 18.581
0 53 76321710 5 0 14.5
0 53 123396800 5 0 10.13
0 53 65772515 5 0 11.3415
0 53 110111351 4 0 13.39
0 53 123390578 4 0 24.1606
0 53 167182627 4 0 34.2734
0 53 65181678 4 0 9.01657
0 53 24602836 5 0 7.75444
0 53 15612573 5 0 14.5
0 53 122058853 5 0 8.91634
0 53 111279052 4 0 12.5549
0 53 151056757 5 0 10.7919
0 53 110601072 4 0 9.08033
0 53 180799890 4 0 13.4071
0 53 110109791 5 0 12.0415
0 53 109889442 4 0 13.39
0 53 123396799 5 0 10.13
0 53 110552375 4 0 8.15209
0 53 14896042 4 0 8.17
0 54 18739044 5 0 29.9605
0 54 67806089 5 0 33.625
0 54 53180557 5 0 19.4003
0 54 53653566 4 0 16.6875
0 54 109578016 5 0 8.47905
0 54 53180555 4 0 538.971
0 54 18739058 4 0 11.0401
0 54 18739026 4 0 39.4027
0 54 53180464 5 0 21.041
0 54 67838536 5 0 16.4643
0 54 18739054 4 0 16.2909
0 54 53180473 5 0 13.39
0 54 18763319 5 0 13.6582
0 54 41926517 5 0 14.7927
0 54 52987237 5 0 12.0008
0 54 53180620 5 0 13.7109
0 54 111687564 4 0 48.2434
0 54 53180523 4 0 18.2378
0 54 134909401 5 0 11.1875
0 54 18738945 4 0 22.2761
0 54 53011042 4 0 10.6983
0 55 132389797 4 0 10.0398
0 55 104819237 4 0 14.5
0 55 81997657 5 0 18.8904
0 55 139370745 4 0 13.3899
0 55 100657217 4 0 7.73937
0 55 100055958 4 0 14.5
0 55 95048820 5 0 8.17
0 56 74602674 5 0 9.51885
0 56 265414 4 0 16.1875
0 56 77427475 5 0 12.7812
0 56 67681388 5 0 17
0 56 151310827 5 0 13.3788
0 57 116838960 5 0 14.4277
0 57 118969977 5 0 18.8245
0 57 120041756 5 0 8.3565
0 57 106207714 5 0 16.9492
0 57 29143579 4 0 13.2524
0 57 61470580 4 0 20.2675
0 57 62176290 5 0 16.2249
0 57 19135143 4 0 14.5
0 57 103388761 5 0 7.63083
0 57 120459913 4 0 10.13
0 57 61470580 5 0 12.5752
0 57 62304041 4 0 9.84393
0 57 117607229 5 0 9.6068
0 57 120459916 5 0 10.79
0 57 62071086 5 0 12.52
0 57 62434076 5 0 8.17
0 57 62350653 5 0 8.61708
0 57 40375022 4 0 14.5
0 58 158087726 5 0 10.4622
0 58 91475858 5 0 15.4306
0 58 102229161 4 0 19.6412
0 58 164171471 5 0 13.3909
0 58 56547442 4 0 10.671
0 58 57969445 5 0 14.5
0 58 168266347 5 0 17.6355
0 58 56542884 4 0 10.7901
0 58 57429880 5 0 9.24454
0 58 78599043 4 0 16.2928
0 58 78012561 4 0 12.0314
0 58 12762508 4 0 14.7759
0 58 166063786 4 0 16.05
0 58 34806123 5 0 10.741
0 58 180054481 5 0 15.9692
0 58 57425586 5 0 20.9434
0 58 60627434 5 0 16.416
0 58 91474827 5 0 28.172
0 58 91465853 4 0 10.13
0 58 91474824 4 0 8.17
0 58 165451613 5 0 14.5
0 58 78598600 4 0 18.6502
0 58 164171470 5 0 15.0114
0 58 90495099 4 0 11.4867
0 58 78593960 4 0 10.3336
0 58 151753282 4 0 67.9614
0 58 91475852 4 0 15.0422
0 58 78598595 4 0 11.31
0 58 167821312 5 0 14.7974
0 58 78598947 5 0 15.9597
0 58 58523106 4 0 12.91
0 58 158012296 4 0 17.0625
0 58 164749929 5 0 14.9402
0 58 77623044 4 0 8.78673
0 58 178828489 5 0 10.7899
0 58 164774158 5 0 10.79
0 58 57419712 4 0 9.51357
0 58 33296060 5 0 17.0814
0 58 91511534 5 0 12.4296
0 58 164774061 4 0 10.3606
0 58 164773850 5 0 12.5018
0 58 57386164 4 0 16.0498
0 58 101213093 5 0 21.58
0 58 78599033 5 0 10.13
0 58 34806146 4 0 10.79
0 58 164863733 5 0 10.79
0 58 12762499 4 0 13.3943
0 59 14499450 4 0 11.9805
0 59 43137944 4 0 46.6752
0 59 43164444 4 0 17.3699
0 59 93449819 5 0 19.125
0 59 76991222 5 0 16.0578
0 59 30111636 5 0 7.93324
0 59 43155339 4 0 16.05
0 59 105739102 4 0 15.6095
0 59 1601569 5 0 14.5
0 60 131026866 5 0 17.3349
0 60 117324991 5 0 14.5
0 61 33988028 5 0 13.25
0 61 69260397 5 0 15.5723
0 61 112744967 4 0 48.125
0 61 23671609 5 0 11.1875
0 61 23204982 4 0 29.44
0 61 69260418 4 0 11.9737
0 61 134356841 5 0 8.66225
0 61 68624943 5 0 11.6249
0 61 68561270 4 0 7.54922
0 61 68715928 4 0 10.5525
0 61 153012338 4 0 13.387
0 61 124689624 4 0 16.0503
0 62 83981260 5 0 11
0 62 35360559 4 0 15.4844
0 62 75732142 5 0 17.3791
0 62 82597311 5 0 20.0938
0 62 63765697 4 0 24.0764
0 63 85147270 4 0 11.1875
0 63 63776063 5 0 10.7829
0 63 43298246 4 0 10.814
0 63 51575953 4 0 9.87699
0 63 1205179 5 0 17.5938
0 63 51124324 4 0 13.7188
0 63 103337457 4 0 8.15072
0 64 144425437 4 0 11.1308
0 64 103400264 5 0 33.3125
0 64 137474738 5 0 32.3008
0 64 82598870 5 0 14.5
0 64 94528732 5 0 10.4211
0 64 62502556 5 0 13.39
0 64 83121883 4 0 10.3839
0 64 133157073 5 0 11.0547
0 64 25856802 5 0 10.4265
0 64 65252329 5 0 8.14075
0 65 65956767 5 0 19.25
0 65 113714268 5 0 13.3452
0 65 11560208 4 0 13.3948
0 65 141879370 5 0 27.242
0 65 122041699 4 0 8.64225
0 65 9590283 5 0 25.3958
0 65 112454651 5 0 14.6835
0 65 9590206 5 0 11.5185
0 65 17806614 5 0 14.5
0 65 141879371 5 0 13.3728
0 65 122322956 5 0 12.1075
0 65 9590202 4 0 10.9947
0 65 9590207 5 0 40.3447
0 66 1317444 4 0 16.4375
0 66 37777381 5 0 8.17
0 66 22663018 4 0 10.794
0 66 84827452 4 0 27.9705
0 66 51396437 5 0 14.5
0 66 63046534 4 0 12.3984
0 66 34630787 4 0 16.3424
0 67 9175465 4 0 12.4418
0 67 7840394 5 0 10.8059
0 67 129722001 4 0 13.5836
0 67 129722008 4 0 37.2744
0 67 9175466 4 0 33.3867
0 67 8034987 5 0 12.91
0 67 129722007 4 0 12.9369
0 67 9167915 4 0 8.17
0 67 9175468 5 0 10.7894
0 67 9062374 5 0 11.8172
0 68 70721194 4 0 15.5511
0 68 73918821 4 0 12.5625
0 68 33057484 5 0 20.4688
0 68 28004461 5 0 14.5
0 69 2141623 5 0 12.7005
0 69 57434098 4 0 26.446
0 69 57922873 5 0 11.8297
0 69 59963479 4 0 8.84747
0 69 57434183 4 0 13.56
0 69 46112442 5 0 11.9355
0 69 46676714 5 0 12.1158
0 70 53781419 5 0 27.8725
0 70 53891986 4 0 14.8472
0 70 70702737 5 0 46.065
0 70 59099367 4 0 50.7227
0 70 53929848 5 0 13.39
0 70 53981205 4 0 13.3911
0 70 70584188 4 0 16.4102
0 70 61869139 5 0 13.9727
0 70 70702743 4 0 28.8131
0 70 55098903 5 0 10.7881
0 70 52144171 5 0 15.2852
0 70 78447836 5 0 11.6854
0 70 37180573 5 0 12.91
0 70 51773159 5 0 16.0505
0 70 53929845 4 0 10.8099
0 70 63867180 4 0 14.5773
0 70 70702738 5 0 10.79
0 70 148336828 4 0 32.2966
0 70 51759085 4 0 11.3679
0 71 46308494 4 0 23.4641
0 71 38077316 5 0 14.951
0 71 49834256 5 0 8.17
0 71 118869677 4 0 30.3545
0 71 46121742 5 0 18.0396
0 71 49834378 4 0 16.8381
0 71 46054290 4 0 17.7466
0 71 46054123 4 0 13.3902
0 71 117361757 5 0 17.472
0 71 123105832 4 0 11.5625
0 71 50616258 4 0 16.355
0 71 45771033 4 0 11.6603
0 71 50129465 5 0 17.1802
0 71 50778235 4 0 8.57296
0 71 115074371 4 0 14.6875
0 71 46029997 5 0 14.5
0 71 39705218 5 0 21.9292
0 71 118869674 4 0 23.1053
0 71 38497042 5 0 13.4054
0 71 54140117 4 0 13.5781
0 71 118869681 5 0 15.1112
0 71 55788342 5 0 13.4001
0 71 43499835 5 0 16.9688
0 71 49999546 5 0 8.7236
0 71 45560030 4 0 10.7899
0 71 110324107 5 0 16.0523
0 71 49834285 4 0 14.5
0 71 39617469 5 0 9.04314
0 72 129165728 4 0 49.649
0 72 62179320 5 0 13.3216
0 72 52397984 5 0 14.1875
0 72 1375981 4 0 8.17
0 72 28314964 4 0 11.4106
0 72 36377187 4 0 12.5718
0 72 86795441 5 0 8.63991
0 72 7857486 5 0 8.17
0 73 95496666 5 0 17.3933
0 73 95496577 4 0 16.4303
0 73 103305023 5 0 16.0499
0 73 103173452 5 0 13.3901
0 73 95496670 4 0 13.39
0 73 103321550 4 0 10.7901
0 73 103208630 5 0 14.176
0 73 103221841 5 0 10.2453
0 73 24626676 4 0 14.5
0 74 30358690 5 0 25.4375
0 74 42911884 5 0 15.9496
0 75 44832903 5 0 11.0156
0 75 55948883 4 0 15.2496
0 75 55948494 5 0 44.2798
0 75 35182595 5 0 8.17
0 75 35196106 4 0 11.9531
0 75 31594761 4 0 12.91
0 75 35885366 4 0 10.13
0 75 55948488 5 0 16.1741
0 76 57590488 4 0 21.8612
0 76 85203690 5 0 11.588
0 76 85195836 5 0 30.55
0 76 85203690 4 0 16.0486
0 76 102709350 4 0 9.91828
0 76 82076814 4 0 10.236
0 76 102872923 4 0 14.5
0 76 99209580 4 0 8.20018
0 76 57805901 4 0 12.4219
0 76 67232209 4 0 16.5
0 76 70662677 4 0 8.21648
0 76 66385513 4 0 16.05
0 76 84058715 4 0 13.3921
0 76 41998050 4 0 14.5
0 76 68034599 5 0 14.5
0 76 28334353 5 0 12.91
0 76 82078878 4 0 16.125
0 76 57785652 4 0 11.7774
0 76 41297211 4 0 13.3916
0 76 69863660 4 0 11.8933
0 77 73056453 5 0 14.5
0 77 26072596 4 0 10.7954
0 77 90466726 5 0 14.7969
0 77 38599644 5 0 14.75
0 77 90466727 5 0 10.7892
0 77 26600293 4 0 9.56196
0 78 83626836 5 0 11.0781
0 78 52344515 4 0 13.6875
0 78 20226976 5 0 14.6763
0 78 52339752 5 0 14.1858
0 78 77209583 4 0 14.0234
0 78 52339751 5 0 10.7829
0 78 83143652 5 0 16.0454
0 79 46278787 5 0 29.5658
0 79 20394591 4 0 19.4802
0 79 27885453 4 0 13.0625
0 79 14178875 4 0 11.5311
0 79 44973292 5 0 8.82127
0 79 20394602 4 0 28.4691
0 79 6045216 5 0 8.56691
0 79 28591726 4 0 13.875
0 79 18798461 5 0 14.1638
0 79 20394594 4 0 39.1859
0 79 20394598 5 0 16.05
0 79 28591727 4 0 14.7734
0 79 14178877 5 0 16.0443
0 79 19369484 5 0 10.701
0 79 15282973 5 0 10.7908
0 79 19958774 4 0 9.54182
0 79 20460237 4 0 9.31438
0 80 33461612 5 0 14.5
0 80 62473441 5 0 15.8641
0 80 13507578 5 0 17.5625
0 80 74427572 4 0 10.775
0 80 74277491 5 0 34.4688
0 80 52234307 4 0 12.91
0 81 26892401 4 0 8.88259
0 81 42281704 5 0 12.1801
0 81 26892151 5 0 10.7893
0 81 28383442 4 0 17.2344
0 81 42281705 5 0 26.8474
0 81 47387748 5 0 14.5
0 81 42194762 5 0 9.98304
0 81 42234228 4 0 13.3932
0 81 25321735 5 0 10.13
0 82 58726951 4 0 20.7575
0 82 56303910 4 0 16.0526
0 82 8509892 5 0 13.3705
0 83 5305470 4 0 14.0391
0 83 56011454 5 0 7.54823
0 83 56250609 4 0 32.875
0 83 43872088 5 0 11.5
0 83 40227352 4 0 32.3076
0 83 11091857 5 0 34.1914
0 83 24006455 4 0 14.9609
0 83 5063612 4 0 36.3183
0 83 56198500 4 0 13.39
0 83 7013699 4 0 14.5
0 84 51303297 4 0 33.1447
0 84 50790871 4 0 13.3908
0 84 35718315 4 0 33.125
0 84 51303381 4 0 35.7074
0 86 9743055 5 0 13.3846
0 86 185303 5 0 21.625
0 86 13230168 4 0 7.75421
0 86 7607722 5 0 9.10794
0 88 11394934 5 0 14.5
0 88 16379302 4 0 38.7552
0 88 41269255 4 0 45.718
0 88 41269192 5 0 12.91
0 90 13461009 5 0 47.6029
0 90 3483513 5 0 23.9448
1 0 30144693 5 1 1
1 0 141906067 4 1 1
1 0 28798216 4 1 1
1 0 41562167 4 1 1
1 0 51919942 5 1 1
1 0 13730875 5 1 1
1 0 29469280 5 1 1
1 0 103842898 5 1 1
1 0 30145753 4 1 1
1 0 44699982 5 1 1
1 0 103209021 5 1 1
1 0 44699998 5 1 1
1 0 41541946 4 1 1
1 0 41464135 5 1 1
1 0 45698792 4 1 1
1 0 41521207 4 1 1
1 0 29464287 5 1 1
1 0 29469175 4 1 1
1 0 84069035 5 1 1
1 0 94603164 4 1 1
1 1 37173432 4 1 1
1 1 60214006 4 1 1
1 1 33019825 4 1 1
1 1 92759068 4 1 1
1 1 98189147 4 1 1
1 1 205337086 4 1 1
1 1 222136941 4 1 1
1 1 47400297 5 1 1
1 1 13500875 5 1 1
1 2 73515606 4 1 1
1 2 123115363 5 1 1
1 2 123062117 5 1 1
1 2 62102224 5 1 1
1 2 97837128 4 1 1
1 3 136760831 4 1 1
1 3 196945020 4 1 1
1 3 216936786 5 1 1
1 3 83388925 4 1 1
1 3 216320674 5 1 1
1 3 3078648 5 1 1
1 3 14594651 4 1 1
1 3 84051808 5 1 1
1 3 24543096 5 1 1
1 3 159119018 5 1 1
1 3 229395726 5 1 1
1 3 83504065 5 1 1
1 3 240540654 5 1 1
1 3 31383814 5 1 1
1 3 229395736 4 1 1
1 4 108841317 4 1 1
1 4 121965897 5 1 1
1 4 170400329 4 1 1
1 5 16161756 5 1 1
1 5 204212691 5 1 1
1 5 181107456 5 1 1
1 5 185411849 4 1 1
1 5 145047179 5 1 1
1 5 120872131 5 1 1
1 5 15006679 5 1 1
1 5 54945595 5 1 1
1 5 55102676 4 1 1
1 5 54945605 4 1 1
1 5 28498637 4 1 1
1 6 160836484 4 1 1
1 6 161205132 4 1 1
1 6 99223581 5 1 1
1 6 78208780 4 1 1
1 6 99341872 4 1 1
1 6 26022757 5 1 1
1 6 101262666 4 1 1
1 6 125082251 5 1 1
1 7 155438649 4 1 1
1 7 52364697 5 1 1
1 7 130236342 4 1 1
1 7 85546636 4 1 1
1 7 70713558 4 1 1
1 7 40142983 4 1 1
1 7 74747390 5 1 1
1 7 63202606 5 1 1
1 8 80293286 5 1 1
1 8 48112076 4 1 1
1 8 121265737 4 1 1
1 8 2319682 5 1 1
1 8 15040673 5 1 1
1 8 82010482 5 1 1
1 8 15477879 5 1 1
1 8 180350737 4 1 1
1 8 203223032 4 1 1
1 9 89059309 4 1 1
1 9 114186816 5 1 1
1 9 7507295 4 1 1
1 9 147265677 5 1 1
1 9 114048342 4 1 1
1 9 181060062 4 1 1
1 9 104529296 5 1 1
1 9 7880100 5 1 1
1 10 68710645 5 1 1
1 10 160331229 5 1 1
1 10 171723827 4 1 1
1 11 71517478 5 1 1
1 11 95873244 5 1 1
1 11 81739436 5 1 1
1 11 57767444 4 1 1
1 11 69212582 4 1 1
1 11 58158760 4 1 1
1 11 58108572 5 1 1
1 11 70105463 4 1 1
1 11 71517423 5 1 1
1 11 58803475 4 1 1
1 11 69212834 4 1 1
1 11 96907137 5 1 1
1 11 69212503 4 1 1
1 11 95662653 5 1 1
1 11 57873933 5 1 1
1 11 82731589 4 1 1
1 11 67287054 4 1 1
1 11 71517448 4 1 1
1 11 69212560 5 1 1
1 12 77211565 5 1 1
1 12 130097460 4 1 1
1 12 68664440 4 1 1
1 12 26299945 4 1 1
1 12 98493209 4 1 1
1 12 117913805 4 1 1
1 12 53229846 5 1 1
1 12 77211537 5 1 1
1 12 53229943 4 1 1
1 12 129932531 4 1 1
1 12 98870055 5 1 1
1 12 86976834 5 1 1
1 13 114358656 4 1 1
1 13 68826766 4 1 1
1 14 55780460 4 1 1
1 15 31289302 4 1 1
1 15 44643033 5 1 1
1 15 57626769 5 1 1
1 15 33859102 5 1 1
1 15 51829057 5 1 1
1 15 96123551 4 1 1
1 15 31289242 4 1 1
1 16 77679863 5 1 1
1 16 34797446 5 1 1
1 16 101594486 4 1 1
1 16 91974748 5 1 1
1 16 90084829 4 1 1
1 17 71833135 4 1 1
1 17 59764879 4 1 1
1 17 74070664 5 1 1
1 17 74667897 5 1 1
1 17 52951751 5 1 1
1 17 61272774 5 1 1
1 17 59770193 5 1 1
1 17 139645576 5 1 1
1 17 71564892 5 1 1
1 17 71749057 4 1 1
1 17 11352581 4 1 1
1 17 73300208 4 1 1
1 17 69998277 5 1 1
1 17 71245092 5 1 1
1 17 74070610 5 1 1
1 17 52302285 4 1 1
1 17 145689913 4 1 1
1 17 107474047 4 1 1
1 17 144404661 4 1 1
1 17 66896143 5 1 1
1 17 144304729 4 1 1
1 17 74018229 5 1 1
1 17 73133828 5 1 1
1 17 70870421 5 1 1
1 17 70038324 4 1 1
1 17 61066607 4 1 1
1 17 60512123 5 1 1
1 17 74061779 5 1 1
1 17 144304607 5 1 1
1 17 144304580 4 1 1
1 17 74668121 4 1 1
1 17 74066614 4 1 1
1 17 58386406 4 1 1
1 19 122837901 5 1 1
1 19 121565284 5 1 1
1 19 248322 4 1 1
1 20 77574002 5 1 1
1 21 47600549 4 1 1
1 21 49063622 4 1 1
1 21 68077430 5 1 1
1 21 47600599 5 1 1
1 21 51180412 4 1 1
1 21 51180237 5 1 1
1 21 51060191 4 1 1
1 21 99573385 4 1 1
1 22 115340627 5 1 1
1 22 75183525 4 1 1
1 23 10485088 5 1 1
1 23 55374514 5 1 1
1 23 10486933 5 1 1
1 23 55210007 5 1 1
1 23 53986156 5 1 1
1 23 102655537 5 1 1
1 24 56737170 4 1 1
1 24 67051075 4 1 1
1 24 128199003 5 1 1
1 25 71339329 4 1 1
1 25 11001159 5 1 1
1 25 80627 5 1 1
1 25 11144601 5 1 1
1 25 11124319 4 1 1
1 25 11121845 4 1 1
1 25 8101005 4 1 1
1 25 77085722 5 1 1
1 25 26935918 5 1 1
1 26 121673948 5 1 1
1 27 39911990 5 1 1
1 27 70956130 4 1 1
1 27 59461409 5 1 1
1 27 45025507 5 1 1
1 27 69387838 4 1 1
1 27 39930640 5 1 1
1 27 91665030 5 1 1
1 28 88669080 5 1 1
1 29 32213273 5 1 1
1 29 61471822 5 1 1
1 29 10522430 5 1 1
1 30 43223292 5 1 1
1 30 41404353 5 1 1
1 30 294974 4 1 1
1 30 95787462 4 1 1
1 30 74546451 4 1 1
1 30 26359029 4 1 1
1 30 26233537 5 1 1
1 31 33987010 5 1 1
1 31 49909358 5 1 1
1 31 63437070 5 1 1
1 31 77694880 4 1 1
1 31 77701096 4 1 1
1 31 51520608 4 1 1
1 31 2574030 4 1 1
1 33 28021757 4 1 1
1 33 27961536 5 1 1
1 33 70495266 5 1 1
1 33 27961516 5 1 1
1 35 65272433 4 1 1
1 35 76415499 5 1 1
1 35 76619742 5 1 1
1 35 56776654 5 1 1
1 35 65277998 4 1 1
1 35 76405194 4 1 1
1 35 18875452 4 1 1
1 35 54327972 5 1 1
1 35 55625196 5 1 1
1 35 76203441 5 1 1
1 35 54745846 4 1 1
1 35 76247069 4 1 1
1 35 56241149 5 1 1
1 35 75762438 5 1 1
1 35 53274239 5 1 1
1 35 74677801 5 1 1
1 35 69606138 5 1 1
1 35 73987624 4 1 1
1 36 10979326 5 1 1
1 36 24073322 5 1 1
1 36 23521142 4 1 1
1 38 10842480 5 1 1
1 38 10842392 4 1 1
1 38 63668944 4 1 1
1 38 10842183 4 1 1
1 38 10775443 5 1 1
1 38 4593884 4 1 1
1 39 35046500 5 1 1
1 39 730516 4 1 1
1 39 22088838 5 1 1
1 39 114524 5 1 1
1 39 36340388 4 1 1
1 39 26529642 5 1 1
1 39 50596499 5 1 1
1 39 2217674 5 1 1
1 39 35047483 5 1 1
1 41 49497708 5 1 1
1 41 36711202 5 1 1
1 43 7711474 5 1 1
1 43 32847373 4 1 1
1 44 10237421 5 1 1
1 44 7202663 4 1 1
1 44 9671029 4 1 1
1 46 155927232 4 1 1
1 46 118774643 5 1 1
1 46 166813563 4 1 1
1 46 160082632 4 1 1
1 46 166893592 5 1 1
1 46 159511149 5 1 1
1 46 255195861 5 1 1
1 46 151962794 4 1 1
1 46 160519731 4 1 1
1 46 155921424 4 1 1
1 46 161535229 5 1 1
1 46 154302580 5 1 1
1 46 229807405 5 1 1
1 46 160082734 4 1 1
1 46 139336339 5 1 1
1 46 154646859 4 1 1
1 46 164352997 5 1 1
1 46 158861164 4 1 1
1 46 154251505 5 1 1
1 46 167221971 5 1 1
1 47 101953511 5 1 1
1 47 178486398 4 1 1
1 47 6303353 5 1 1
1 47 188646190 5 1 1
1 47 59617044 5 1 1
1 47 101953759 4 1 1
1 47 89023290 4 1 1
1 47 174016605 4 1 1
1 47 101957835 4 1 1
1 47 4984157 4 1 1
1 47 177943612 4 1 1
1 47 174495151 4 1 1
1 47 174469174 5 1 1
1 47 10905473 5 1 1
1 47 186074716 5 1 1
1 47 185920933 5 1 1
1 47 178486318 5 1 1
1 47 61702110 5 1 1
1 47 88796199 4 1 1
1 47 127696694 4 1 1
1 47 88796296 5 1 1
1 47 57831863 5 1 1
1 47 174469020 4 1 1
1 47 180501807 5 1 1
1 47 101474722 5 1 1
1 47 174569832 5 1 1
1 47 101953406 4 1 1
1 47 77741318 5 1 1
1 47 60318862 5 1 1
1 47 60318420 4 1 1
1 47 88796277 4 1 1
1 47 5007953 4 1 1
1 47 146628871 4 1 1
1 47 61702142 4 1 1
1 47 61702193 4 1 1
1 47 175194494 4 1 1
1 47 227373962 5 1 1
1 48 162843601 5 1 1
1 48 162088832 4 1 1
1 48 244578223 5 1 1
1 48 160244620 5 1 1
1 48 161223365 4 1 1
1 48 161354328 5 1 1
1 48 245100529 5 1 1
1 48 162101405 4 1 1
1 48 158818868 5 1 1
1 48 162414872 5 1 1
1 48 87142051 4 1 1
1 48 161223461 5 1 1
1 48 203887023 4 1 1
1 48 162843199 4 1 1
1 48 207057828 5 1 1
1 48 161223625 4 1 1
1 48 162100905 4 1 1
1 48 203391453 4 1 1
1 48 162088945 5 1 1
1 48 122894006 4 1 1
1 49 199483762 4 1 1
1 49 41302095 5 1 1
1 49 199483760 5 1 1
1 49 180256199 5 1 1
1 49 13457367 5 1 1
1 49 61373905 4 1 1
1 49 71439599 4 1 1
1 49 184892568 5 1 1
1 49 3601047 4 1 1
1 49 61341480 4 1 1
1 49 43058891 4 1 1
1 49 73744998 4 1 1
1 49 227606439 4 1 1
1 49 178034354 4 1 1
1 49 185117109 4 1 1
1 49 150933588 4 1 1
1 49 68075727 5 1 1
1 49 58990371 4 1 1
1 49 44059088 4 1 1
1 49 49079393 4 1 1
1 49 74304355 5 1 1
1 49 74304347 5 1 1
1 49 79092748 5 1 1
1 49 184384412 5 1 1
1 49 44098101 5 1 1
1 49 184892121 4 1 1
1 49 74304517 4 1 1
1 49 60419805 5 1 1
1 49 53721762 4 1 1
1 49 184892208 5 1 1
1 49 33400061 4 1 1
1 49 44410714 4 1 1
1 49 29314296 4 1 1
1 49 43127489 4 1 1
1 49 44006074 5 1 1
1 49 205082743 5 1 1
1 49 71439596 4 1 1
1 49 59722713 4 1 1
1 49 44160475 4 1 1
1 50 86019776 5 1 1
1 50 113966299 4 1 1
1 50 86015968 5 1 1
1 50 86764178 5 1 1
1 50 86015554 5 1 1
1 50 86015569 5 1 1
1 50 155496324 4 1 1
1 50 77638378 4 1 1
1 50 92044026 5 1 1
1 50 78983818 4 1 1
1 50 168424262 5 1 1
1 51 25825538 5 1 1
1 51 97099955 4 1 1
1 51 6515408 5 1 1
1 51 6744201 4 1 1
1 51 34373132 5 1 1
1 51 20984641 5 1 1
1 51 33662330 4 1 1
1 51 32991234 4 1 1
1 51 21607689 5 1 1
1 51 117874102 4 1 1
1 51 185503909 5 1 1
1 51 42540712 4 1 1
1 51 21615685 5 1 1
1 51 19552428 4 1 1
1 51 6744458 5 1 1
1 51 47929916 4 1 1
1 51 32969648 5 1 1
1 51 128353802 4 1 1
1 51 47314995 5 1 1
1 51 6500182 5 1 1
1 51 19535311 5 1 1
1 51 19527861 4 1 1
1 51 6744415 4 1 1
1 51 53043242 4 1 1
1 51 6505998 5 1 1
1 51 47308738 4 1 1
1 52 152431540 4 1 1
1 52 8769430 4 1 1
1 52 155371008 5 1 1
1 52 148192069 4 1 1
1 52 152233890 4 1 1
1 52 153632496 4 1 1
1 52 67948654 5 1 1
1 52 152233830 4 1 1
1 52 105163917 5 1 1
1 52 19355709 4 1 1
1 53 109147485 5 1 1
1 53 111278943 4 1 1
1 53 110559659 4 1 1
1 53 161647877 4 1 1
1 53 181060625 5 1 1
1 53 65772497 5 1 1
1 53 8559608 4 1 1
1 53 175998216 5 1 1
1 53 109147575 5 1 1
1 53 110109501 5 1 1
1 53 190362176 4 1 1
1 53 122043377 4 1 1
1 53 110559550 5 1 1
1 53 102827647 4 1 1
1 53 123390727 5 1 1
1 53 109889517 4 1 1
1 53 123390561 4 1 1
1 53 109026204 4 1 1
1 53 110559462 5 1 1
1 53 161647872 5 1 1
1 53 200178005 5 1 1
1 53 109889285 5 1 1
1 53 110559387 5 1 1
1 54 120401809 5 1 1
1 54 18763320 4 1 1
1 54 18746129 5 1 1
1 54 11702072 4 1 1
1 54 53187027 5 1 1
1 54 122278106 4 1 1
1 55 102611620 4 1 1
1 55 64833569 4 1 1
1 55 43718227 4 1 1
1 55 95948090 5 1 1
1 56 76154218 5 1 1
1 56 149836794 5 1 1
1 57 61469929 5 1 1
1 57 121240248 5 1 1
1 57 61036482 4 1 1
1 57 61470107 5 1 1
1 57 29143602 4 1 1
1 57 117824517 4 1 1
1 57 121225317 5 1 1
1 57 61404414 4 1 1
1 57 62426997 5 1 1
1 57 117606928 5 1 1
1 57 62425728 4 1 1
1 57 120041738 4 1 1
1 57 120827881 4 1 1
1 57 62176391 5 1 1
1 57 19135143 4 1 1
1 58 101213072 4 1 1
1 58 91465906 4 1 1
1 58 102229165 5 1 1
1 58 111890499 5 1 1
1 58 102229079 4 1 1
1 58 57453829 4 1 1
1 58 73084488 4 1 1
1 58 7583650 5 1 1
1 58 33295880 4 1 1
1 58 164774405 5 1 1
1 58 168834421 5 1 1
1 58 19587038 4 1 1
1 58 57969269 4 1 1
1 58 57309118 4 1 1
1 58 165450924 4 1 1
1 58 78594102 5 1 1
1 58 33296145 5 1 1
1 58 36128369 5 1 1
1 58 172724742 5 1 1
1 58 77174354 5 1 1
1 58 57386182 5 1 1
1 58 91511603 5 1 1
1 58 78598570 4 1 1
1 58 78599034 5 1 1
1 58 78599039 5 1 1
1 59 43137851 5 1 1
1 59 105748020 4 1 1
1 59 43155884 4 1 1
1 59 43155786 5 1 1
1 59 29316317 5 1 1
1 60 85875795 5 1 1
1 60 131026781 4 1 1
1 60 129702925 4 1 1
1 61 153016553 4 1 1
1 61 69373999 5 1 1
1 61 138647603 5 1 1
1 61 68560615 4 1 1
1 61 69374173 4 1 1
1 61 68625016 4 1 1
1 61 58610355 5 1 1
1 61 68611570 4 1 1
1 61 22894642 5 1 1
1 61 138647598 4 1 1
1 61 134429942 5 1 1
1 61 112744968 4 1 1
1 62 75930087 4 1 1
1 62 75929947 5 1 1
1 62 63765710 5 1 1
1 63 51528217 4 1 1
1 63 51124252 4 1 1
1 63 133498948 5 1 1
1 64 83124619 5 1 1
1 64 73165037 4 1 1
1 64 145799674 4 1 1
1 64 133199021 4 1 1
1 64 77858266 4 1 1
1 64 82607826 5 1 1
1 64 83121959 5 1 1
1 65 9589868 4 1 1
1 65 113180065 4 1 1
1 65 8975304 5 1 1
1 65 11560207 4 1 1
1 65 8935440 5 1 1
1 66 48038776 5 1 1
1 66 34630774 5 1 1
1 66 84827548 4 1 1
1 66 35335296 5 1 1
1 67 129722001 4 1 1
1 67 3596021 4 1 1
1 67 9056996 5 1 1
1 67 9175478 4 1 1
1 67 7871619 5 1 1
1 67 130504967 4 1 1
1 68 30244546 5 1 1
1 69 2899693 4 1 1
1 69 57835213 5 1 1
1 69 26810263 4 1 1
1 69 59963580 5 1 1
1 69 46342357 5 1 1
1 69 46676720 4 1 1
1 69 128101158 5 1 1
1 70 70702820 4 1 1
1 70 125755158 4 1 1
1 70 51759264 5 1 1
1 70 55381476 4 1 1
1 70 70691869 4 1 1
1 71 46968180 4 1 1
1 71 46005866 4 1 1
1 71 46000555 4 1 1
1 71 39424131 4 1 1
1 71 110324189 5 1 1
1 71 45560104 4 1 1
1 71 110324264 5 1 1
1 71 42058802 4 1 1
1 71 39325508 4 1 1
1 71 49834260 4 1 1
1 71 115118008 5 1 1
1 71 39325581 4 1 1
1 71 122912550 5 1 1
1 71 50641206 4 1 1
1 71 39317892 5 1 1
1 72 58587708 4 1 1
1 72 58587725 4 1 1
1 72 57515102 4 1 1
1 72 28314884 4 1 1
1 72 105722313 5 1 1
1 72 29011642 4 1 1
1 72 129165733 5 1 1
1 72 128596578 4 1 1
1 73 87499645 4 1 1
1 73 103309375 5 1 1
1 73 95496577 5 1 1
1 73 95221084 4 1 1
1 74 5944477 5 1 1
1 74 43526966 5 1 1
1 74 30358694 5 1 1
1 74 20328850 5 1 1
1 74 17070309 4 1 1
1 74 59868592 5 1 1
1 75 35196114 5 1 1
1 75 42894258 5 1 1
1 75 42894268 5 1 1
1 75 35182601 4 1 1
1 76 99209426 4 1 1
1 76 85203709 5 1 1
1 76 85203688 4 1 1
1 76 70752893 5 1 1
1 76 66389399 5 1 1
1 76 60849624 4 1 1
1 76 75115878 4 1 1
1 76 102726413 5 1 1
1 76 70488525 4 1 1
1 76 27943438 5 1 1
1 76 82143150 4 1 1
1 76 43430230 5 1 1
1 76 42616483 4 1 1
1 76 57590474 5 1 1
1 77 38599700 4 1 1
1 77 61505649 4 1 1
1 77 25387229 4 1 1
1 78 83143840 5 1 1
1 78 88352272 4 1 1
1 79 19369117 4 1 1
1 79 20460395 4 1 1
1 79 41150046 4 1 1
1 79 20394591 4 1 1
1 79 46690944 5 1 1
1 80 63204422 4 1 1
1 80 51994904 4 1 1
1 80 74451758 5 1 1
1 80 23609928 4 1 1
1 80 74563923 5 1 1
1 80 62473544 4 1 1
1 80 39745441 4 1 1
1 80 75213931 5 1 1
1 81 24869980 4 1 1
1 81 29461467 5 1 1
1 81 43159169 5 1 1
1 81 50397240 4 1 1
1 81 28383451 5 1 1
1 82 56303750 4 1 1
1 82 58723178 5 1 1
1 82 72698444 4 1 1
1 82 39742566 4 1 1
1 82 58717322 5 1 1
1 83 3562458 5 1 1
1 83 40068714 5 1 1
1 84 50579558 5 1 1
1 84 50790806 5 1 1
1 85 34998377 5 1 1
1 85 8539439 4 1 1
1 85 18620255 5 1 1
1 86 12915123 5 1 1
1 86 58743557 4 1 1
1 86 59524572 4 1 1
1 86 66228800 5 1 1
1 86 858145 5 1 1
1 88 16379296 5 1 1
1 90 3540107 4 1 1
