0 0 117253511 5 0 13.3909
0 0 67153868 5 0 14.0176
0 0 67215322 4 0 36.0645
0 0 61156557 5 0 14.5
0 0 2088358 5 0 37.0118
0 0 31640757 5 0 11.875
0 0 122681954 4 0 25.9269
0 0 63477615 4 0 8.85055
0 0 78124344 4 0 14.5
0 0 68158352 5 0 15.1079
0 0 121799013 5 0 13.0513
0 0 54989393 5 0 16.0495
0 0 216084958 5 0 7.759
0 0 62383098 4 0 32.306
0 0 117422117 5 0 9.88579
0 0 69465456 4 0 14.5
0 0 253241485 5 0 14.5
0 1 133756371 4 0 13.7868
0 1 115579516 4 0 10.8632
0 1 133410586 5 0 20.6362
0 1 130783577 4 0 16.0781
0 1 228875624 4 0 19.6875
0 1 221273819 5 0 14.5
0 1 136564004 5 0 16.75
0 1 123491408 4 0 18.2812
0 1 103307591 5 0 15.25
0 1 115579515 4 0 10.7694
0 1 116848945 4 0 14.5
0 2 132017141 4 0 16.8994
0 2 52247187 4 0 32.2845
0 2 52247188 4 0 21.028
0 2 34668490 5 0 14.5
0 2 94922903 4 0 10.789
0 2 118447552 4 0 14.5
0 2 94931980 5 0 9.88858
0 2 94805274 4 0 11.3789
0 2 94805199 5 0 16.9455
0 2 37617092 4 0 16.5312
0 2 78560918 4 0 32.9816
0 2 96065785 5 0 9.74368
0 2 38577478 5 0 14.5
0 2 71549254 4 0 15.6315
0 2 146142439 5 0 14.5
0 2 78560919 4 0 12.8602
0 2 51923249 4 0 9.8262
0 2 95454903 5 0 13.39
0 2 76774515 5 0 10.444
0 2 95454900 4 0 16.05
0 2 95454921 4 0 10.7867
0 2 145789941 5 0 8.17
0 3 14875542 5 0 7.57853
0 3 25732158 5 0 18.8684
0 3 148170797 4 0 20.6836
0 3 94867869 4 0 17.1875
0 3 163164828 5 0 19.8952
0 3 21243700 5 0 17.3035
0 3 25774830 5 0 14.5
0 3 117386193 5 0 16.0496
0 3 20693333 4 0 8.23844
0 3 97565727 5 0 7.70769
0 3 65336755 5 0 8.84486
0 3 70107217 5 0 7.53207
0 3 21243781 5 0 13.387
0 3 70098763 5 0 32.3075
0 3 21359958 4 0 10.79
0 4 179777703 4 0 13.2161
0 4 205197110 5 0 16.7031
0 4 40430351 4 0 11.25
0 4 143906524 4 0 13.3842
0 4 81537940 4 0 17.2604
0 4 179386905 4 0 65.4357
0 4 81537945 5 0 13.39
0 4 179386906 4 0 10.7928
0 4 81537952 4 0 12.2328
0 4 81537948 4 0 15.5122
0 4 9711221 4 0 32.2905
0 4 202563930 4 0 20.3125
0 4 157524801 4 0 8.96594
0 4 81537947 5 0 13.279
0 4 202563848 4 0 37.5938
0 4 144388178 5 0 19.4375
0 4 179326957 4 0 7.5699
0 4 81537952 5 0 10.7892
0 4 81537947 4 0 16.05
0 4 179386989 4 0 20.92
0 4 165740877 4 0 32.3067
0 4 159991623 4 0 12.91
0 4 14944483 5 0 10.7805
0 4 165133246 4 0 11.861
0 4 174833196 4 0 13.3912
0 5 129696216 5 0 14.7969
0 5 147379752 5 0 10.5301
0 5 144480182 5 0 9.24321
0 5 7130144 4 0 8.0577
0 5 129204669 4 0 11.2617
0 5 21012539 4 0 12.5
0 5 18697548 4 0 14.5
0 6 107329377 5 0 26.2057
0 6 144284128 5 0 14.5
0 6 144284129 5 0 12.8295
0 6 137085348 5 0 14.5
0 6 134204742 4 0 8.48684
0 6 181050443 5 0 14.5
0 7 115521834 4 0 17.9999
0 7 116975519 4 0 19.5234
0 7 92924105 5 0 12.1068
0 7 103512112 4 0 13.8957
0 7 103512058 4 0 33.179
0 7 21813378 4 0 13.1205
0 7 103512061 4 0 12.2553
0 7 115487746 5 0 14.3164
0 7 115521749 4 0 32.3
0 7 116975466 5 0 16.9524
0 7 117058430 5 0 13.5008
0 7 21813381 5 0 24.8871
0 7 115521842 5 0 13.39
0 7 115496315 4 0 15.1199
0 7 113068312 5 0 9.29938
0 7 21813380 5 0 13.4195
0 7 112429556 4 0 35.3438
0 7 33496300 4 0 16.0437
0 7 116975385 4 0 10.79
0 8 111353534 5 0 11.9466
0 8 177544590 5 0 13.39
0 8 11995899 5 0 14.8125
0 8 41416962 4 0 22.7588
0 8 163462367 4 0 14.0713
0 8 176937711 5 0 7.88747
0 8 177544504 5 0 12.496
0 8 177547409 5 0 32.3001
0 8 41399139 5 0 16.0644
0 8 160316638 5 0 32.3152
0 8 41399142 4 0 31.8768
0 8 177544587 4 0 13.39
0 9 1614325 4 0 16.0469
0 9 26758310 4 0 13.5312
0 9 19130377 4 0 10.7883
0 10 38883990 5 0 12.4374
0 10 49978706 4 0 19.5625
0 10 4078325 5 0 23.7072
0 10 112582127 4 0 12.5859
0 10 4078528 5 0 13.3684
0 10 13226602 5 0 14.5
0 11 131722294 4 0 10.794
0 11 62201248 4 0 14.0625
0 11 161657923 4 0 12.6657
0 11 180213389 4 0 19.6875
0 11 82004312 4 0 10.13
0 11 161657927 5 0 13.39
0 11 139571614 5 0 12.5625
0 11 163735488 5 0 14.5
0 11 180374619 4 0 9.45015
0 12 173709472 5 0 9.50887
0 12 91490323 5 0 13.5
0 12 171046187 5 0 24.18
0 12 135552783 4 0 10.754
0 12 63853195 5 0 12.6657
0 12 171046185 5 0 11.2421
0 12 152675328 5 0 14.5
0 12 52140139 4 0 8.17
0 13 64623195 4 0 37.7458
0 13 64623139 5 0 13.6327
0 13 64623180 5 0 25.2782
0 13 64623265 4 0 35.8665
0 13 64623178 5 0 49.7987
0 13 23223846 5 0 12.2755
0 13 179747798 4 0 32.3034
0 13 64623264 4 0 16.05
0 13 64623138 5 0 65.0003
0 13 174502730 4 0 12.9688
0 13 23200657 4 0 14.1875
0 13 64623262 4 0 13.4921
0 13 64623192 5 0 11.484
0 14 4422379 5 0 14.6875
0 14 101638352 4 0 15.8125
0 14 174036872 4 0 13.5
0 14 18246527 5 0 32.2873
0 15 59395998 4 0 13.3882
0 15 154473777 4 0 18.125
0 15 112093229 5 0 11.4375
0 15 6834694 5 0 20.6857
0 15 11282574 5 0 32.3136
0 16 112607195 4 0 45.3274
0 16 56608425 5 0 12.91
0 16 24856782 5 0 12.5312
0 16 77492952 5 0 14.4467
0 16 25070505 5 0 14.6562
0 16 56860007 4 0 23.3267
0 16 77470121 4 0 16.0503
0 16 85277530 5 0 10.7825
0 16 56841938 5 0 15
0 16 89878981 5 0 17.6719
0 16 56608393 4 0 13.3924
0 16 77493046 4 0 10.7866
0 17 37019640 5 0 26.7787
0 17 64327337 5 0 11.7651
0 17 151694037 5 0 49.9468
0 17 151694034 4 0 15.6787
0 17 64327319 4 0 14.6959
0 17 66161296 5 0 15.0625
0 17 46620548 4 0 16.0485
0 17 64327333 4 0 10.79
0 17 113489602 5 0 8.94005
0 17 46661071 4 0 8.43199
0 17 37019639 5 0 16.1254
0 17 72817442 4 0 16.0363
0 17 64327338 5 0 10.79
0 18 97639308 4 0 8.83343
0 18 16523029 4 0 17.9175
0 18 97839060 5 0 11.3808
0 18 15066352 4 0 7.66076
0 18 16523032 5 0 16.0503
0 19 77864234 4 0 15.3047
0 19 63939182 4 0 25.977
0 19 120531160 5 0 22.25
0 19 51742641 4 0 14.5
0 19 63939181 4 0 29.0512
0 19 53058786 5 0 13.3907
0 19 113316908 5 0 10.7633
0 19 75975815 5 0 18.0341
0 19 145270496 4 0 12.1875
0 19 89158115 4 0 11.9503
0 19 53118067 4 0 17.1094
0 19 53058788 4 0 23.7
0 19 68893052 4 0 32.3477
0 19 77864283 4 0 10.7904
0 19 66661674 5 0 14.7351
0 19 59598534 4 0 10.13
0 19 52072037 4 0 10.7906
0 19 3304578 5 0 16.05
0 19 77221869 4 0 17.0391
0 19 144050528 4 0 14.5
0 20 89653061 4 0 19.2747
0 20 12311801 4 0 13.7502
0 20 88736346 4 0 10.13
0 20 31647754 5 0 14.1185
0 20 73091308 5 0 14.5
0 20 31647762 5 0 11.5625
0 20 10065502 5 0 32.2955
0 20 90110258 5 0 16.0395
0 20 26769125 5 0 8.97184
0 20 30853178 4 0 11.3595
0 20 6021090 4 0 13.3875
0 21 123103550 5 0 16.2608
0 21 132436713 4 0 10.13
0 21 24089406 5 0 15.5938
0 21 123103545 4 0 26.8726
0 21 71664113 5 0 10.7898
0 21 123103544 4 0 14.9537
0 21 153008868 5 0 8.17
0 21 123103546 4 0 32.3
0 21 82446494 5 0 11.1556
0 21 152952936 5 0 10.7914
0 21 71462977 4 0 7.84689
0 21 11303852 5 0 18.0938
0 21 116342003 4 0 13.4201
0 22 81045901 4 0 24
0 22 32226633 5 0 10.7889
0 22 119068747 4 0 14.5
0 22 89035481 5 0 15.9117
0 22 135183646 4 0 10.7889
0 22 89035566 4 0 10.8143
0 22 88040058 5 0 28.6047
0 22 88040067 5 0 11.093
0 22 87777753 5 0 25.538
0 22 105702015 4 0 20.7344
0 22 58982442 5 0 17.625
0 22 135183649 5 0 17.1785
0 23 29026625 5 0 14.5
0 23 89844365 4 0 15.7724
0 23 89844283 4 0 17.3173
0 23 74774068 5 0 14.5
0 23 119641137 4 0 15.8643
0 23 125211073 4 0 16.6797
0 23 3388471 4 0 13.5789
0 23 89832281 4 0 18.6732
0 23 132487805 4 0 12.3603
0 23 120303143 4 0 34.0825
0 23 146586625 5 0 10.354
0 23 89317733 5 0 18.75
0 23 100240651 4 0 13.4933
0 23 121277143 5 0 14.1875
0 23 9368572 4 0 11.627
0 23 120303147 5 0 22.1688
0 23 132418186 5 0 17.6484
0 24 90974525 5 0 11.5039
0 24 113866303 4 0 13.39
0 24 113866301 4 0 15.0191
0 24 31339083 4 0 18.5926
0 24 113866277 4 0 17.1559
0 24 104513393 4 0 27.004
0 24 16414373 5 0 14.5
0 24 31339086 5 0 11.31
0 24 103508942 5 0 13.4036
0 24 103327591 4 0 16.05
0 24 16979700 4 0 16.039
0 24 113763360 5 0 32.3
0 24 42338753 4 0 13.3921
0 24 126487432 4 0 8.91771
0 24 26207864 4 0 11.0727
0 24 85314981 4 0 13.5626
0 24 103900749 5 0 8.91705
0 24 31325358 4 0 18.0078
0 25 50221633 5 0 31.5343
0 25 39623547 4 0 49.1503
0 25 43024660 5 0 13.3939
0 26 6181322 5 0 11.8853
0 26 91921063 5 0 11.6814
0 26 97381109 4 0 20.8789
0 26 100321955 4 0 46.3239
0 26 110663799 5 0 20.166
0 26 48337806 4 0 14.4507
0 26 91921063 4 0 35.1161
0 26 100218739 5 0 14.5
0 26 98983304 4 0 16.0502
0 26 110691980 4 0 11.8877
0 26 110691901 5 0 13.4136
0 26 103089925 5 0 16.6401
0 26 103692983 5 0 13.3901
0 26 103449637 4 0 11.8549
0 26 101707127 4 0 8.67873
0 26 103078718 4 0 12.91
0 26 104262857 4 0 16.05
0 26 102436626 5 0 9.8051
0 27 60327754 5 0 25.29
0 27 32218623 5 0 16.3125
0 27 89195349 5 0 12.4344
0 27 89195346 4 0 36.9704
0 27 61069206 4 0 10.814
0 27 101974860 4 0 12.2199
0 27 73938411 4 0 13.3921
0 27 78341473 4 0 14.5
0 28 47592086 4 0 13.4163
0 28 92979939 4 0 15.7656
0 28 15107191 4 0 53.2152
0 28 92979921 5 0 16.1211
0 29 27459156 4 0 12.8949
0 29 6270215 4 0 8.17
0 30 2402615 4 0 21.0184
0 30 91907617 4 0 8.94493
0 31 85118031 5 0 18.6875
0 31 52613054 5 0 10.7832
0 31 98966651 5 0 8.17
0 31 96198915 5 0 26.84
0 31 96989502 4 0 14.3128
0 31 96198917 5 0 14.569
0 31 2934163 5 0 12.71
0 31 96990055 4 0 12.91
0 31 89500695 4 0 16.0606
0 31 2934160 5 0 13.415
0 31 87384501 5 0 19.1875
0 31 85298522 4 0 16.9062
0 31 5341580 5 0 7.97626
0 31 22847942 5 0 14.5
0 31 52613056 5 0 13.39
0 32 71457011 5 0 19.1165
0 33 38745602 4 0 17.125
0 33 18857644 5 0 10.3967
0 33 18362871 4 0 11.0052
0 33 20453224 5 0 16.05
0 33 18924056 4 0 8.9502
0 33 20387832 5 0 7.78688
0 35 51449322 4 0 16.0773
0 35 53303068 4 0 16
0 35 61022936 5 0 14.5
0 35 39170388 4 0 14.5
0 35 42119316 5 0 10.7696
0 35 60814063 5 0 12.91
0 36 50152591 5 0 14.5
0 36 75888103 4 0 19.016
0 36 67889825 4 0 11.769
0 36 3790023 4 0 14.5625
0 36 66366540 5 0 9.22754
0 36 67890000 5 0 10.79
0 36 38160067 5 0 18.2088
0 36 75888105 4 0 32.2807
0 36 38160067 4 0 16.0573
0 36 60131705 5 0 9.04641
0 36 36115505 4 0 10.13
0 36 78018873 4 0 10.7881
0 37 59559095 4 0 8.17
0 37 70928442 4 0 29.088
0 37 26760620 5 0 12.8125
0 37 26801062 4 0 18.8841
0 38 10679367 5 0 16.701
0 39 33940736 5 0 19.524
0 39 33940728 5 0 15.2683
0 39 33940738 5 0 15.9633
0 39 33940773 4 0 15.1793
0 41 43795040 5 0 16.2812
0 42 27604216 5 0 13.3921
0 42 27263944 4 0 17.4219
0 42 27248616 5 0 10.6547
0 42 34033329 4 0 16.05
0 42 26379646 4 0 11.2993
0 43 38050424 4 0 8.92001
0 43 50924379 4 0 15.5312
0 43 48568452 4 0 12.91
0 44 48709778 4 0 13.9346
0 44 49252550 4 0 20.2455
0 44 49252551 4 0 16.053
0 44 49252552 4 0 14.5426
0 44 7095260 4 0 14.5
0 44 48709449 5 0 12.8407
0 45 32565541 5 0 39.0953
0 45 46376874 5 0 10.13
0 45 2363471 5 0 12.91
0 45 51227227 4 0 11.1943
0 45 47013555 4 0 14.5
0 45 32540934 5 0 8.08976
0 46 234921456 4 0 12.91
0 46 231568945 4 0 11.9453
0 46 214196924 5 0 15.0475
0 46 220959132 5 0 16.0528
0 46 238514302 4 0 38.3203
0 46 130111628 4 0 10.7882
0 47 192165119 5 0 11.3438
0 47 236758082 5 0 32.2688
0 47 174720210 5 0 10.4629
0 47 236758072 5 0 72.3595
0 47 215026822 4 0 13.75
0 47 61690730 5 0 10.8061
0 47 107182248 5 0 11.125
0 47 70918362 4 0 10.7885
0 48 85196215 5 0 13.39
0 48 34919493 5 0 16
0 48 4148018 5 0 14.8125
0 48 243719637 4 0 31.1387
0 48 128451359 5 0 17.4531
0 48 34885949 5 0 12.7812
0 48 218985866 4 0 12.0742
0 48 114154610 4 0 14.2177
0 48 94469316 5 0 15.7188
0 48 245022439 4 0 8.07199
0 48 31753251 5 0 22.2812
0 48 31756945 5 0 7.74688
0 49 101953781 5 0 9.71357
0 49 88824730 5 0 37.2552
0 49 219466993 5 0 10.79
0 49 219466994 5 0 13.4056
0 49 224435001 4 0 10.7699
0 50 18376318 5 0 16.7344
0 50 122583562 5 0 10.8412
0 50 121732870 5 0 13.0942
0 50 121409506 4 0 36.3569
0 50 98942338 4 0 15.1101
0 50 107832006 4 0 37.9991
0 50 21512481 4 0 11.2029
0 50 122610747 4 0 20.2356
0 50 121409511 5 0 14.8659
0 50 104233575 5 0 13.5271
0 50 104233584 4 0 48.3494
0 50 122586277 5 0 10.4439
0 50 98942329 4 0 22.2758
0 50 122585944 5 0 16.0328
0 50 115912643 4 0 14.1147
0 50 122585655 4 0 13.4495
0 50 103993063 4 0 20.1113
0 50 104233588 5 0 17.8536
0 50 108392493 4 0 7.83268
0 50 121781286 4 0 9.04367
0 50 121409512 5 0 10.79
0 50 107996741 5 0 10.1469
0 50 107832010 4 0 32.3
0 50 122610751 5 0 12.6932
0 50 122610358 4 0 16.05
0 50 98476324 4 0 17.4102
0 50 121300411 4 0 14.5
0 50 121729404 5 0 13.4023
0 50 104233587 5 0 13.39
0 50 103790413 5 0 14.5
0 50 104233595 5 0 11.6211
0 50 122583491 5 0 11.7854
0 50 121409505 4 0 14.5
0 50 122610096 4 0 12.0277
0 50 108243641 4 0 538.998
0 50 122610078 5 0 16.7667
0 50 121409603 4 0 18.2296
0 50 98942333 5 0 15.387
0 50 122610219 5 0 21.58
0 50 122586077 5 0 20.9483
0 50 108402328 4 0 12.5876
0 50 122610074 4 0 16.05
0 50 122610278 5 0 43.5085
0 50 108242537 4 0 13.39
0 50 122610219 4 0 13.39
0 50 121733232 5 0 13.39
0 50 121750639 4 0 7.74565
0 50 108243644 5 0 10.7899
0 51 116368894 5 0 18.5425
0 51 103840033 5 0 19.75
0 51 180681129 5 0 7.51483
0 51 108704656 4 0 16.3438
0 51 65878825 4 0 13.394
0 51 180682642 5 0 13.3602
0 51 80199988 5 0 8.4424
0 51 179859911 4 0 10.8178
0 51 116368889 4 0 32.7173
0 51 116368888 4 0 53.88
0 51 65842549 5 0 14.9219
0 51 144143420 5 0 12.5
0 51 109409350 4 0 14.1562
0 51 142933199 5 0 11.3914
0 51 146643022 4 0 13.4211
0 51 192849516 4 0 18.75
0 52 29505922 5 0 15.2433
0 52 29616824 5 0 11.9709
0 52 29506237 4 0 18.7128
0 52 104091998 4 0 13.0625
0 52 128799391 5 0 31.7533
0 52 95420107 5 0 14.3438
0 52 128799305 4 0 10.7861
0 52 29616823 5 0 48.35
0 52 30176153 5 0 15.0595
0 52 29530471 4 0 31.8228
0 52 30176225 5 0 13.39
0 52 29505923 5 0 13.9775
0 52 29616819 4 0 36.8913
0 52 29616975 4 0 28.9638
0 52 29585332 4 0 17.131
0 52 43029647 5 0 14.7207
0 52 128933972 4 0 18.9492
0 52 128089012 5 0 18.3125
0 52 128933693 4 0 26.84
0 52 128933973 4 0 17.9358
0 52 18648573 5 0 8.23997
0 52 18659313 5 0 15.3645
0 52 89747698 5 0 17.9375
0 52 29530361 5 0 10.8137
0 52 29506004 4 0 13.39
0 52 29506235 5 0 17.3232
0 52 30176224 5 0 16.1754
0 52 29598650 4 0 8.26522
0 52 30176227 4 0 12.2131
0 52 43029653 4 0 16.0441
0 52 29475886 5 0 10.4906
0 52 130296861 5 0 9.21069
0 52 29616817 5 0 23.3371
0 52 29505919 4 0 16.05
0 52 29616906 4 0 14.5
0 52 28924375 4 0 8.99973
0 52 105706150 5 0 14.2188
0 52 29587659 5 0 10.79
0 52 29529742 5 0 8.91062
0 52 30176249 5 0 13.596
0 53 103167956 5 0 17.3113
0 53 148027559 4 0 14.2329
0 53 163483632 4 0 13.3853
0 53 79333545 5 0 14.5
0 53 106211117 4 0 10.4848
0 53 103167953 5 0 16.048
0 53 119600462 4 0 14.9062
0 53 113664572 4 0 27.1875
0 53 105301431 4 0 32.3009
0 53 107829380 4 0 12.6018
0 53 197992794 5 0 9.30397
0 53 109196297 5 0 16.0506
0 53 105301347 4 0 16.564
0 53 118650924 5 0 10.79
0 53 120062070 4 0 13.3897
0 53 91385362 5 0 7.66922
0 53 12996266 5 0 10.4031
0 53 115853013 5 0 13.3873
0 54 131330641 4 0 20.5502
0 54 38223308 4 0 11.9477
0 54 15631978 4 0 10.13
0 54 143600753 4 0 16.1683
0 54 121974280 5 0 16.8828
0 54 21064164 5 0 14.5
0 55 57673016 5 0 27.41
0 55 102545913 5 0 14.9079
0 55 57673017 5 0 42.23
0 55 57673026 4 0 23.7953
0 55 169476191 5 0 32.2883
0 55 64750786 4 0 7.97809
0 55 40673088 5 0 9.01361
0 55 186315188 5 0 16.0497
0 55 90733337 4 0 24.18
0 55 90733341 5 0 48.2419
0 55 57673016 4 0 16.05
0 55 69686263 4 0 11.7275
0 55 169870177 5 0 16.6998
0 55 169862738 5 0 19.5708
0 55 103230161 4 0 10.7898
0 55 169855635 4 0 14.0015
0 55 150438971 5 0 30.6564
0 55 183134003 5 0 7.99498
0 55 91333283 4 0 15.4268
0 55 103515327 5 0 7.63969
0 55 101433099 5 0 10.5399
0 55 69692416 5 0 8.17
0 55 115612400 4 0 13.2285
0 55 88788240 5 0 13.0625
0 55 57673015 4 0 14.3357
0 55 150438972 5 0 32.2688
0 55 57673029 5 0 13.7259
0 55 129145005 5 0 28.0982
0 55 158138061 5 0 11.125
0 55 102545787 4 0 11.4121
0 55 57673018 5 0 32.3
0 55 169862654 4 0 17.5152
0 55 102545914 5 0 29.4394
0 55 131158190 5 0 12.5653
0 55 169870074 4 0 16.7759
0 55 103534287 4 0 32.2701
0 55 90733432 5 0 17.4209
0 55 187429546 4 0 16.9375
0 55 169870158 5 0 12.91
0 55 169870101 5 0 14.0828
0 55 103535838 5 0 7.79807
0 55 99095908 4 0 19.7344
0 55 25326118 4 0 14.5
0 55 90733336 4 0 15.8757
0 55 54024464 4 0 12.4375
0 55 102916846 4 0 16.0498
0 55 169870169 4 0 18.7971
0 55 45377524 4 0 13.3753
0 56 152127996 4 0 15.3125
0 57 131670504 5 0 27.4957
0 57 131701409 4 0 7.82647
0 57 166543148 4 0 11.1016
0 57 131701390 4 0 14.3824
0 57 178306857 5 0 8.17
0 57 1447543 5 0 11.1278
0 57 108612900 4 0 16.0533
0 57 5567531 4 0 12.91
0 58 37894996 4 0 20.25
0 58 47355942 5 0 17.2222
0 58 110261028 4 0 17.5625
0 58 34987782 4 0 19.5335
0 58 34987624 5 0 8.17
0 58 34987618 4 0 23.5357
0 58 9334519 5 0 32.3015
0 58 178696351 5 0 16.0469
0 58 34987633 5 0 21.2975
0 58 9334516 4 0 11.548
0 58 12626538 5 0 32.3153
0 58 34987623 5 0 13.39
0 58 34987619 4 0 10.79
0 58 168326958 4 0 14.5
0 59 153858537 4 0 19.2298
0 59 87384722 5 0 49.875
0 59 42196946 4 0 12.91
0 59 61167578 5 0 13.4144
0 59 67323710 4 0 13.9375
0 59 10587430 4 0 13.3748
0 59 176060199 5 0 10.815
0 59 62995018 5 0 12.91
0 59 153858533 4 0 18.6429
0 59 88762492 4 0 16.0488
0 59 63276015 4 0 9.8981
0 60 106079296 5 0 45.4251
0 60 34583222 4 0 13.39
0 60 8663116 5 0 14.0625
0 60 22264310 4 0 13.7812
0 60 128654501 5 0 14.5
0 60 172851449 4 0 22.125
0 60 25162653 4 0 16.9375
0 60 34583037 5 0 10.79
0 60 106137570 4 0 17.7188
0 60 8966243 5 0 13.3697
0 60 9321592 4 0 13.3803
0 60 106076084 5 0 11.8874
0 60 34583033 5 0 7.71849
0 60 51471551 5 0 37.625
0 60 100748780 5 0 10.13
0 61 39828548 5 0 19.9062
0 61 80897670 4 0 32.3029
0 61 49190146 4 0 13.9694
0 61 35237464 4 0 13.6551
0 61 56128684 4 0 10.7911
0 62 101258733 5 0 32.2923
0 62 102916631 5 0 12.91
0 62 126574948 5 0 18.8125
0 62 113911704 4 0 13.39
0 62 6088607 5 0 16.1874
0 62 6088669 4 0 12.6822
0 62 12410930 5 0 16.0476
0 62 6088603 4 0 18.178
0 62 98300891 4 0 11.0312
0 62 134346902 5 0 12.8125
0 63 142621054 5 0 14.5
0 63 69805403 4 0 15.7812
0 63 120387764 5 0 13.4839
0 63 126720987 4 0 13.5967
0 63 127298589 4 0 16.0499
0 63 118898282 4 0 7.96787
0 63 64002595 5 0 19.8359
0 63 127298592 5 0 14.0092
0 63 120347619 4 0 36.8515
0 63 126704018 5 0 17.2773
0 63 31699887 5 0 13.3805
0 63 128029775 5 0 17.8716
0 63 126704017 5 0 16.0498
0 63 58401804 4 0 19
0 63 119345964 5 0 19.7278
0 63 119917460 5 0 14.6201
0 63 118369672 5 0 13.3898
0 63 21367410 5 0 13.3603
0 63 119345965 5 0 10.7898
0 64 25334516 5 0 32.3684
0 64 14189144 5 0 20.6221
0 64 45262935 4 0 20.0951
0 64 7275403 4 0 34.625
0 64 25334515 5 0 16.05
0 64 12291634 4 0 27.3982
0 64 25334502 4 0 25.9973
0 64 15281025 5 0 11.9287
0 64 25204521 4 0 17.6406
0 64 34733164 4 0 13.39
0 64 34733168 5 0 11.7508
0 64 12277516 5 0 16.0505
0 64 15403484 4 0 8.84082
0 64 104048004 5 0 10.7588
0 64 12853772 4 0 8.17
0 64 136379980 5 0 7.83688
0 64 14043174 5 0 32.2999
0 65 118194087 4 0 13.3799
0 65 85301322 4 0 14.5
0 65 50883035 5 0 28.4112
0 65 50263553 4 0 32.2986
0 65 6672873 5 0 24.4661
0 65 39322519 4 0 13.7976
0 65 124362447 4 0 7.71681
0 65 51449402 4 0 17.1943
0 65 145010518 5 0 10.7957
0 65 82104405 4 0 22.3881
0 65 51449406 5 0 12.1275
0 65 49893117 4 0 18.9289
0 65 9991942 4 0 10.9375
0 65 111247276 4 0 12.7715
0 65 148922274 5 0 16.2859
0 65 118194093 5 0 15.9014
0 65 26332636 5 0 12.91
0 65 6672957 4 0 31.0874
0 65 95726137 4 0 13.6289
0 65 50263557 5 0 11.3387
0 65 6672960 5 0 12.9573
0 65 51538513 5 0 9.95621
0 65 25847377 4 0 14.125
0 65 139555424 5 0 13.4062
0 65 50883036 5 0 11.31
0 65 50882833 4 0 10.79
0 65 145111703 4 0 17.8281
0 65 111250606 5 0 13.39
0 65 145010519 5 0 13.39
0 65 26708356 4 0 15.9258
0 65 124688507 5 0 14.5
0 65 25650389 5 0 10.7747
0 65 51449403 4 0 26.84
0 65 50802035 5 0 10.7511
0 65 6672874 5 0 10.79
0 66 116737845 5 0 27.4213
0 66 64138107 4 0 35.455
0 66 105783734 4 0 48.5224
0 66 104515173 5 0 50.594
0 66 116985258 5 0 17.4292
0 66 105783736 5 0 65.4654
0 66 115729835 5 0 17.6222
0 66 115384305 4 0 12.284
0 66 104224220 5 0 16.6372
0 66 115427774 5 0 14.5523
0 66 64138108 4 0 34.4159
0 66 105962284 5 0 49.2997
0 66 115739304 5 0 10.13
0 66 51339971 4 0 15.4672
0 66 51620921 4 0 7.8047
0 66 127015441 5 0 13.3901
0 66 105783677 4 0 48.4595
0 66 105958212 5 0 16.1966
0 66 64541482 4 0 12.8436
0 66 116730017 4 0 18.1048
0 66 105783450 4 0 11.1343
0 66 106158271 5 0 33.1878
0 66 111192577 5 0 24.8827
0 66 64138111 5 0 25.7889
0 66 115724176 5 0 8.17
0 66 115384306 4 0 26.7105
0 66 116730513 5 0 36.31
0 66 115384454 5 0 13.0194
0 66 131127196 4 0 12.4375
0 66 116730511 4 0 17.8677
0 66 39803652 4 0 13.3125
0 66 105958218 4 0 17.7423
0 66 116717888 4 0 11.9385
0 66 105962285 5 0 65.8092
0 66 117316112 5 0 10.79
0 66 105962346 5 0 14.5
0 66 117086037 4 0 16.1259
0 66 105783679 4 0 26.78
0 66 64541395 4 0 13.39
0 66 105962201 5 0 12.91
0 66 117086036 4 0 14.5
0 66 104344606 4 0 18.6562
0 66 117085951 5 0 16.5534
0 66 115428017 4 0 45.6899
0 66 117122728 4 0 14.7622
0 66 117085953 5 0 10.79
0 66 25681542 5 0 17.1875
0 66 64541438 5 0 10.8347
0 66 106246715 5 0 12.3351
0 66 116730018 4 0 14.5
0 66 115729786 4 0 32.3
0 66 105801387 4 0 20.3347
0 66 51327230 5 0 14.6184
0 66 64541390 5 0 13.3871
0 66 105833295 4 0 12.0214
0 66 64541485 5 0 13.39
0 66 105783727 4 0 18.5081
0 66 111192576 5 0 13.3919
0 66 118121628 4 0 12.2164
0 66 53544533 5 0 9.0425
0 66 105801029 5 0 12.3191
0 66 117351715 4 0 14.3554
0 66 125894355 5 0 9.38213
0 66 105783678 4 0 16.05
0 66 119605306 5 0 11.7776
0 67 109050936 5 0 16.765
0 67 98721215 4 0 14.25
0 67 44937688 5 0 10.79
0 67 34348181 5 0 22.25
0 67 35224331 5 0 12.3823
0 67 31645370 4 0 26.858
0 67 44937630 5 0 8.17
0 67 109050943 4 0 13.3912
0 67 35224276 4 0 13.39
0 68 85892755 4 0 14.3048
0 68 105378070 5 0 13.389
0 68 108945986 5 0 16.0473
0 68 36370710 4 0 21.5
0 68 69094244 4 0 13.035
0 68 75806286 4 0 16.0754
0 68 96427688 5 0 15.4553
0 68 58396176 5 0 8.23904
0 68 110306238 4 0 8.17
0 68 96427608 5 0 14.0249
0 68 122155175 5 0 19.2027
0 68 17301410 4 0 14.625
0 68 85108542 5 0 18.0305
0 68 40541838 4 0 17.875
0 68 65115057 4 0 9.23708
0 68 75126380 5 0 16.0625
0 68 62612129 4 0 11.31
0 68 110305506 5 0 16.0376
0 68 72967186 4 0 32.2925
0 68 142263391 5 0 10.8111
0 68 71160908 4 0 13.4025
0 69 139868588 4 0 16.6875
0 69 148770879 4 0 16.4375
0 69 140273965 5 0 21.7142
0 69 155080180 4 0 25.6258
0 69 32422196 5 0 9.70662
0 69 103452621 4 0 14.5
0 69 6229262 5 0 13.2188
0 69 155080183 5 0 11.8247
0 70 129401794 4 0 16.05
0 70 129401795 5 0 18.3697
0 70 146714549 5 0 14.5
0 70 132965656 5 0 47.488
0 70 17098125 4 0 18.2188
0 70 129604170 5 0 12.1528
0 70 139396747 4 0 13.0328
0 70 141482876 4 0 15.0475
0 70 144245181 4 0 20.4215
0 70 141494941 4 0 7.9668
0 70 144245180 4 0 28.5422
0 70 129380074 4 0 13.39
0 70 141267558 4 0 36.9183
0 70 97208949 4 0 17.375
0 70 129401716 5 0 16.05
0 70 141485016 4 0 33.0556
0 70 96104461 5 0 16.2891
0 70 141501346 5 0 10.79
0 70 23142046 5 0 14.5
0 70 128921207 4 0 14.5
0 70 89142495 4 0 22.6719
0 70 78118878 4 0 19.7979
0 70 18373078 5 0 10.7878
0 70 141267563 4 0 11.3958
0 70 34553893 5 0 13.0243
0 70 141493417 4 0 14.5
0 70 129600004 4 0 7.95264
0 70 97013501 4 0 10.7907
0 70 129600415 5 0 7.94458
0 70 83823039 5 0 16.375
0 70 141581076 5 0 8.88072
0 70 22059832 4 0 18.8702
0 70 115822758 4 0 14.5
0 70 89123306 4 0 16.0509
0 71 121213645 5 0 10.782
0 72 110373207 4 0 61.3691
0 72 102572612 4 0 57.0449
0 72 129478800 5 0 11.1875
0 72 103198226 4 0 8.17
0 72 112807726 5 0 11.6769
0 72 11885432 5 0 17.8869
0 72 102572533 5 0 13.39
0 72 112807861 5 0 19.8047
0 72 107529859 5 0 25.9044
0 72 113299089 4 0 16.5891
0 72 113536851 5 0 28.7681
0 72 11885433 5 0 10.13
0 72 102572524 5 0 15.5113
0 72 113526093 5 0 32.3
0 72 103198230 4 0 31.9052
0 72 113299151 5 0 14.464
0 72 110275583 5 0 13.3901
0 72 113525890 4 0 8.17
0 72 106738121 5 0 10.2315
0 72 113285135 5 0 12.2139
0 72 112807769 4 0 10.3278
0 73 4322056 5 0 45
0 74 18834860 4 0 10.437
0 74 65001681 4 0 64.4267
0 74 76529197 4 0 16.0727
0 74 74844583 4 0 11.3684
0 74 77261487 5 0 16.7462
0 74 75045977 5 0 16.6279
0 74 75019405 5 0 15.2642
0 74 36718394 5 0 10.1903
0 74 60299187 5 0 8.17
0 74 76529196 4 0 53.0174
0 74 73872078 4 0 14.3086
0 74 60299186 5 0 48.3506
0 74 60113602 5 0 31.1055
0 74 74826094 4 0 11.31
0 74 31322701 4 0 14.2969
0 74 75019369 5 0 32.3
0 74 64983624 4 0 12.91
0 74 85550799 5 0 52.354
0 74 75260908 4 0 8.26651
0 74 61944427 5 0 10.7899
0 74 46623591 5 0 10.1428
0 74 76529123 5 0 8.17
0 74 74844417 5 0 12.9348
0 74 75260969 5 0 10.79
0 74 31410465 5 0 13.4241
0 74 74826176 5 0 15.1684
0 74 32903192 4 0 13.3903
0 75 87607214 4 0 14.9752
0 75 76953460 4 0 7.68113
0 75 87466997 4 0 20.4685
0 75 95271510 5 0 12.1875
0 75 52772552 5 0 10.7961
0 75 87466994 4 0 12.422
0 75 76953741 4 0 12.5434
0 75 64972676 5 0 14.5
0 75 87466999 5 0 54.2497
0 75 83645383 4 0 12.4423
0 75 87467004 4 0 21.58
0 75 76953572 5 0 10.9894
0 75 87607117 5 0 33.285
0 75 76953509 4 0 24.18
0 75 62678943 4 0 14.5
0 75 77304858 5 0 14.5
0 75 86736630 4 0 11.2705
0 75 76969823 4 0 7.7755
0 75 83646272 4 0 13.4118
0 76 11137450 4 0 12.91
0 76 28901380 5 0 48.6844
0 76 11137449 4 0 11.513
0 76 12296719 5 0 16.0385
0 76 51724822 5 0 10.7823
0 76 26989205 5 0 13.4052
0 76 30233695 4 0 14.5
0 77 79008753 4 0 8.24636
0 77 78377560 4 0 17.125
0 77 24935858 4 0 44.75
0 77 35415063 4 0 14.5
0 77 1685389 5 0 8.19861
0 77 11600714 4 0 11.5
0 77 34998067 4 0 8.70892
0 78 45688956 5 0 32.2846
0 78 29565822 5 0 7.66272
0 78 5819376 5 0 7.96386
0 80 67809455 4 0 12.4375
0 80 35053795 5 0 50.4593
0 80 51669380 4 0 12.91
0 80 68044352 5 0 18.5237
0 80 53732162 4 0 16.0608
0 80 51707923 4 0 16.0502
0 80 35053796 5 0 34.434
0 80 35053797 5 0 8.17
0 80 35431429 5 0 10.9811
0 80 68152285 5 0 12.4375
0 80 53702147 4 0 13.9688
0 80 35053807 5 0 14.5
0 80 35053717 5 0 10.79
0 80 52121292 5 0 17.2549
0 80 20883079 4 0 10.7914
0 80 66669325 4 0 14.5
0 81 75215611 4 0 16.0398
0 81 57003642 5 0 11.6199
0 82 27527570 5 0 32.297
0 82 1155508 5 0 37.0461
0 82 10359101 5 0 10.803
0 82 27527567 5 0 13.6249
0 82 29076708 4 0 17.8536
0 82 34804489 5 0 13.9531
0 82 29076710 5 0 32.192
0 82 10359826 5 0 16.4688
0 82 29753755 5 0 10.13
0 82 36004846 5 0 14.5
0 82 41315907 5 0 8.87142
0 83 52489337 5 0 20.6406
0 83 49259340 5 0 32.3031
0 83 31753793 5 0 32.3215
0 84 24040326 4 0 7.85628
0 85 63981193 5 0 15.0605
0 85 51589321 5 0 15.625
0 85 52675682 5 0 17.0938
0 85 77714527 5 0 32.3125
0 85 58058786 4 0 8.84628
0 86 32228194 4 0 7.75653
0 86 22963018 5 0 16.5
0 86 77348596 5 0 32.3109
0 87 16565380 5 0 14.5
0 88 23079899 5 0 13.1739
0 88 26468296 5 0 19.9375
0 89 19176122 5 0 14.5
0 90 34994103 5 0 16.0462
0 90 20955234 5 0 14.5
0 90 11396351 4 0 13.4203
0 91 10356719 5 0 10.8755
0 91 10356727 5 0 16.5793
0 91 10356641 4 0 10.79
0 91 10356643 5 0 28.353
0 91 10356716 4 0 8.17
0 91 9699152 5 0 10.13
0 91 14815644 5 0 16.0503
0 91 33088311 5 0 16.9906
0 91 10356638 4 0 22.9188
0 91 33147278 5 0 16.0237
1 0 78120897 5 1 1
1 0 54937417 4 1 1
1 0 47023556 4 1 1
1 0 117253519 5 1 1
1 0 118523651 5 1 1
1 0 63477520 5 1 1
1 0 117647713 4 1 1
1 0 67089478 5 1 1
1 0 121799070 5 1 1
1 1 130551368 4 1 1
1 1 123491411 5 1 1
1 1 133756375 4 1 1
1 1 189589222 4 1 1
1 1 222707614 4 1 1
1 1 145528528 5 1 1
1 1 133211808 5 1 1
1 2 196201680 5 1 1
1 2 105957237 5 1 1
1 2 95847669 5 1 1
1 2 132106631 4 1 1
1 2 41212842 4 1 1
1 2 39895247 5 1 1
1 2 245654779 4 1 1
1 2 132678701 5 1 1
1 2 132016885 5 1 1
1 2 40750960 5 1 1
1 3 25791093 5 1 1
1 3 97366556 5 1 1
1 3 14845427 4 1 1
1 3 175951307 5 1 1
1 3 21243771 4 1 1
1 3 21359895 5 1 1
1 3 10668955 5 1 1
1 3 34519213 5 1 1
1 4 69800304 4 1 1
1 4 59036979 4 1 1
1 4 132457656 4 1 1
1 4 175050524 5 1 1
1 4 81537940 4 1 1
1 4 80787581 4 1 1
1 4 142188213 4 1 1
1 4 175028402 5 1 1
1 4 165133239 4 1 1
1 4 82462265 5 1 1
1 5 152551081 5 1 1
1 5 155251765 4 1 1
1 5 141486937 5 1 1
1 5 133719138 5 1 1
1 6 44294578 4 1 1
1 6 135690398 5 1 1
1 7 115496078 4 1 1
1 7 103512134 5 1 1
1 7 103512065 5 1 1
1 7 97247629 4 1 1
1 7 80218918 4 1 1
1 7 103512050 5 1 1
1 7 115521841 5 1 1
1 7 96840612 5 1 1
1 7 21761853 5 1 1
1 8 41431315 4 1 1
1 8 177496218 5 1 1
1 8 177547026 5 1 1
1 8 41399117 4 1 1
1 8 163462124 5 1 1
1 8 163934461 5 1 1
1 8 163342714 5 1 1
1 9 61567111 5 1 1
1 9 152072658 5 1 1
1 9 27883644 4 1 1
1 10 100417228 4 1 1
1 10 38741911 4 1 1
1 10 98073577 5 1 1
1 10 99820098 5 1 1
1 10 99820201 4 1 1
1 10 176382642 5 1 1
1 10 83310649 5 1 1
1 11 93118042 4 1 1
1 11 93130739 5 1 1
1 11 151711663 4 1 1
1 11 137991873 5 1 1
1 11 81384619 4 1 1
1 11 92676496 4 1 1
1 12 92466093 4 1 1
1 12 63853202 4 1 1
1 13 52801039 5 1 1
1 13 64623179 4 1 1
1 13 53423518 4 1 1
1 13 23223667 5 1 1
1 13 16535527 5 1 1
1 13 46157011 5 1 1
1 13 30447120 5 1 1
1 14 121764979 4 1 1
1 14 140402149 4 1 1
1 14 18246514 4 1 1
1 14 79372937 5 1 1
1 14 4802888 4 1 1
1 15 24633986 5 1 1
1 15 29019786 4 1 1
1 15 11678065 4 1 1
1 16 11748268 4 1 1
1 17 151694379 5 1 1
1 17 55737587 4 1 1
1 17 64327328 5 1 1
1 17 47765564 4 1 1
1 18 26138918 4 1 1
1 18 97838909 4 1 1
1 19 3304663 4 1 1
1 19 63939142 4 1 1
1 19 66872773 5 1 1
1 19 53118125 4 1 1
1 19 53722551 4 1 1
1 19 123423107 4 1 1
1 19 65567462 5 1 1
1 19 63916431 4 1 1
1 19 147514149 4 1 1
1 19 3304592 5 1 1
1 19 148394894 5 1 1
1 19 52521063 5 1 1
1 19 144610953 5 1 1
1 19 66661666 4 1 1
1 19 53058789 5 1 1
1 20 78247275 5 1 1
1 20 6020925 5 1 1
1 20 11822478 4 1 1
1 21 116342099 4 1 1
1 21 26042580 5 1 1
1 21 123103645 4 1 1
1 21 90744121 4 1 1
1 21 57459324 4 1 1
1 22 87777524 4 1 1
1 22 130417604 4 1 1
1 22 89035576 4 1 1
1 22 86156039 4 1 1
1 22 94567286 5 1 1
1 22 128771853 5 1 1
1 23 30128446 4 1 1
1 23 120302823 4 1 1
1 23 119641136 5 1 1
1 23 100240642 4 1 1
1 23 77199950 4 1 1
1 23 121662860 4 1 1
1 23 127406256 5 1 1
1 23 30876234 5 1 1
1 24 113866217 5 1 1
1 24 15184980 5 1 1
1 24 104637128 4 1 1
1 24 103186021 5 1 1
1 24 113763336 4 1 1
1 24 103917994 4 1 1
1 24 103286300 5 1 1
1 25 39623552 4 1 1
1 25 125261506 4 1 1
1 26 85394441 5 1 1
1 26 98972862 5 1 1
1 26 99683261 5 1 1
1 26 99688338 4 1 1
1 26 102436518 5 1 1
1 26 91131056 5 1 1
1 26 100322105 4 1 1
1 26 18125599 4 1 1
1 26 98983223 4 1 1
1 26 128522988 5 1 1
1 26 91957894 5 1 1
1 26 103067516 5 1 1
1 27 89195524 4 1 1
1 27 73938448 5 1 1
1 27 60327754 4 1 1
1 28 16638636 4 1 1
1 28 15107188 4 1 1
1 29 16494306 4 1 1
1 29 27459158 4 1 1
1 29 31202954 4 1 1
1 30 2659501 5 1 1
1 31 89299371 5 1 1
1 31 95645891 4 1 1
1 31 96198707 4 1 1
1 31 52613058 5 1 1
1 31 5390214 4 1 1
1 31 97343755 4 1 1
1 32 32958732 5 1 1
1 32 36222071 4 1 1
1 32 59002635 4 1 1
1 32 71456923 4 1 1
1 33 39638428 4 1 1
1 33 38745683 4 1 1
1 33 39538291 4 1 1
1 33 6509171 5 1 1
1 34 58177764 4 1 1
1 36 66372512 4 1 1
1 36 75888022 5 1 1
1 36 75888020 5 1 1
1 36 61024485 4 1 1
1 36 41904617 5 1 1
1 36 29256969 4 1 1
1 36 61092321 5 1 1
1 37 59558888 4 1 1
1 37 58138893 4 1 1
1 38 10679704 4 1 1
1 39 34545421 5 1 1
1 42 36168882 5 1 1
1 42 42149575 5 1 1
1 42 34033343 4 1 1
1 42 33095080 5 1 1
1 43 51254678 4 1 1
1 43 38159567 5 1 1
1 44 48709490 5 1 1
1 44 37744729 5 1 1
1 44 48710130 5 1 1
1 45 27531812 5 1 1
1 45 41251670 5 1 1
1 46 25721616 5 1 1
1 46 220959258 4 1 1
1 47 57708508 4 1 1
1 47 82540389 5 1 1
1 48 218685069 5 1 1
1 48 71553499 4 1 1
1 48 113638040 5 1 1
1 48 231725575 4 1 1
1 48 128207238 4 1 1
1 48 9230191 5 1 1
1 48 218801912 5 1 1
1 48 75078307 4 1 1
1 48 25735693 5 1 1
1 49 166643203 4 1 1
1 49 101953932 5 1 1
1 49 219466997 5 1 1
1 50 15119604 5 1 1
1 50 122607115 4 1 1
1 50 122610825 4 1 1
1 50 117103950 5 1 1
1 50 108392564 5 1 1
1 50 204635174 5 1 1
1 50 121409524 4 1 1
1 50 107998354 4 1 1
1 50 104233515 4 1 1
1 50 108392564 4 1 1
1 50 121751465 4 1 1
1 50 108242585 4 1 1
1 50 108398858 4 1 1
1 50 113445309 5 1 1
1 50 98692424 4 1 1
1 51 172476684 4 1 1
1 51 128828369 4 1 1
1 51 53083703 4 1 1
1 51 145911562 5 1 1
1 51 116368966 4 1 1
1 51 93200188 5 1 1
1 51 116368893 4 1 1
1 51 128828868 5 1 1
1 51 186003069 5 1 1
1 52 29599101 5 1 1
1 52 18545921 4 1 1
1 52 43029838 4 1 1
1 52 29598661 4 1 1
1 52 94711149 5 1 1
1 52 29325185 4 1 1
1 52 124208369 4 1 1
1 52 29585339 4 1 1
1 52 29506232 4 1 1
1 52 105706103 4 1 1
1 52 28877250 4 1 1
1 52 18082621 4 1 1
1 52 29506007 5 1 1
1 52 29530466 5 1 1
1 52 29506182 5 1 1
1 52 29546691 5 1 1
1 52 18540830 4 1 1
1 52 29631331 5 1 1
1 52 29506269 4 1 1
1 52 139417141 4 1 1
1 52 29506246 4 1 1
1 52 28920212 5 1 1
1 53 107932207 4 1 1
1 53 13787883 4 1 1
1 53 40287129 4 1 1
1 53 106211472 5 1 1
1 53 114507608 5 1 1
1 53 115853003 5 1 1
1 53 92863895 5 1 1
1 53 128609649 5 1 1
1 53 115814159 4 1 1
1 53 12980689 5 1 1
1 53 120062161 5 1 1
1 53 17148572 4 1 1
1 53 75246364 4 1 1
1 54 1650587 4 1 1
1 54 94244886 4 1 1
1 54 131330636 4 1 1
1 54 94244969 4 1 1
1 54 14561434 5 1 1
1 54 26213455 4 1 1
1 54 117995335 5 1 1
1 55 112244751 5 1 1
1 55 129145057 4 1 1
1 55 169862734 5 1 1
1 55 114577985 5 1 1
1 55 103535833 5 1 1
1 55 112242436 5 1 1
1 55 169862654 4 1 1
1 55 101433069 5 1 1
1 55 129144922 4 1 1
1 55 91333140 4 1 1
1 55 52788293 5 1 1
1 55 114577830 5 1 1
1 55 69692410 5 1 1
1 55 25308642 5 1 1
1 55 169894222 4 1 1
1 55 76072892 5 1 1
1 55 103200147 4 1 1
1 55 163551169 4 1 1
1 55 73950403 5 1 1
1 56 9429016 5 1 1
1 56 174504554 4 1 1
1 57 131670519 5 1 1
1 57 121834800 5 1 1
1 57 131670495 5 1 1
1 57 131701322 5 1 1
1 57 4412037 5 1 1
1 58 154584309 5 1 1
1 58 155869363 4 1 1
1 58 47356036 5 1 1
1 58 48913376 4 1 1
1 58 48016926 5 1 1
1 59 176060206 4 1 1
1 59 159577411 5 1 1
1 59 85298221 4 1 1
1 59 15876922 4 1 1
1 59 52500385 4 1 1
1 59 6265396 5 1 1
1 60 34583036 5 1 1
1 60 35262717 5 1 1
1 60 34505292 5 1 1
1 60 35266074 4 1 1
1 60 109884009 5 1 1
1 60 34586096 4 1 1
1 60 22218746 5 1 1
1 60 25162655 5 1 1
1 60 35262573 4 1 1
1 60 118608144 5 1 1
1 61 2123977 4 1 1
1 61 131671401 4 1 1
1 61 37031089 5 1 1
1 61 71565930 4 1 1
1 62 11276124 4 1 1
1 62 11249237 5 1 1
1 62 101258731 4 1 1
1 63 120481307 4 1 1
1 63 117693703 4 1 1
1 63 119596529 4 1 1
1 63 119601282 4 1 1
1 63 82261273 4 1 1
1 63 118369623 4 1 1
1 63 127971953 5 1 1
1 63 118898278 4 1 1
1 63 118898302 4 1 1
1 63 119596620 4 1 1
1 63 120347526 5 1 1
1 63 119596616 5 1 1
1 64 26895417 4 1 1
1 64 25334182 4 1 1
1 64 15585726 4 1 1
1 64 25334502 5 1 1
1 64 12837117 5 1 1
1 64 26907024 4 1 1
1 64 26907091 4 1 1
1 64 12837089 4 1 1
1 64 14043177 5 1 1
1 64 14787875 5 1 1
1 64 25994542 5 1 1
1 65 100510647 5 1 1
1 65 135590608 4 1 1
1 65 95726145 4 1 1
1 65 6672910 5 1 1
1 65 51656495 4 1 1
1 65 95726076 4 1 1
1 65 39582368 4 1 1
1 65 77144187 5 1 1
1 65 25650400 4 1 1
1 65 76878241 5 1 1
1 65 50059825 5 1 1
1 66 115384279 5 1 1
1 66 105783661 5 1 1
1 66 105833790 4 1 1
1 66 128767328 4 1 1
1 66 117085946 4 1 1
1 66 115391595 5 1 1
1 66 105962345 4 1 1
1 66 117272666 4 1 1
1 66 105789149 5 1 1
1 66 117367304 4 1 1
1 66 106184001 5 1 1
1 66 117433874 5 1 1
1 66 127248445 5 1 1
1 66 104515170 5 1 1
1 66 111192619 5 1 1
1 66 51332676 5 1 1
1 66 128025304 5 1 1
1 66 127230211 4 1 1
1 66 105818460 4 1 1
1 66 106246804 4 1 1
1 66 91219879 5 1 1
1 66 39803570 4 1 1
1 66 106246554 4 1 1
1 66 116724186 5 1 1
1 66 117367385 4 1 1
1 66 154620111 4 1 1
1 66 106246567 4 1 1
1 66 51327155 4 1 1
1 66 105801126 5 1 1
1 66 104344591 4 1 1
1 66 117308662 5 1 1
1 66 104224745 5 1 1
1 66 117088128 5 1 1
1 66 116729993 4 1 1
1 66 4266959 4 1 1
1 67 121392298 5 1 1
1 67 109050848 5 1 1
1 67 121391964 4 1 1
1 67 31649536 4 1 1
1 68 73326080 4 1 1
1 68 69094333 4 1 1
1 68 85892735 5 1 1
1 68 69094335 5 1 1
1 68 71098325 5 1 1
1 68 65115062 5 1 1
1 68 96174285 5 1 1
1 68 143005346 4 1 1
1 68 153233012 5 1 1
1 68 73421841 4 1 1
1 68 64039587 4 1 1
1 69 6894751 4 1 1
1 69 33650480 4 1 1
1 69 117812976 4 1 1
1 70 141485096 4 1 1
1 70 97233172 4 1 1
1 70 20964164 5 1 1
1 70 128673621 4 1 1
1 70 141267544 4 1 1
1 70 141494627 4 1 1
1 70 148245869 4 1 1
1 70 129599884 5 1 1
1 71 120570598 4 1 1
1 72 110373215 5 1 1
1 72 107519427 5 1 1
1 72 102572693 4 1 1
1 72 113299177 4 1 1
1 72 113285060 5 1 1
1 72 113472548 5 1 1
1 72 102572370 5 1 1
1 72 107529810 4 1 1
1 72 102610299 4 1 1
1 72 113525888 4 1 1
1 73 78216165 5 1 1
1 73 51192776 4 1 1
1 73 33501098 4 1 1
1 74 74844586 5 1 1
1 74 74826340 5 1 1
1 74 74826599 4 1 1
1 74 76529189 4 1 1
1 74 73868766 4 1 1
1 74 10129160 5 1 1
1 74 74844678 5 1 1
1 74 75045992 5 1 1
1 74 75169264 5 1 1
1 74 18836685 4 1 1
1 74 47779792 4 1 1
1 74 32845854 4 1 1
1 74 77269070 4 1 1
1 74 65001682 4 1 1
1 74 76515416 4 1 1
1 74 60542940 4 1 1
1 74 31410602 5 1 1
1 75 87894950 4 1 1
1 75 87607126 5 1 1
1 75 87466982 5 1 1
1 75 76953507 4 1 1
1 75 36744618 5 1 1
1 75 77188376 5 1 1
1 75 12759158 4 1 1
1 75 95271477 4 1 1
1 75 87467078 5 1 1
1 75 87607475 4 1 1
1 76 12296677 4 1 1
1 76 51724888 5 1 1
1 77 81107912 4 1 1
1 77 81107842 4 1 1
1 77 83591389 4 1 1
1 77 18381429 5 1 1
1 78 53151819 4 1 1
1 78 24607954 4 1 1
1 79 27595136 4 1 1
1 80 35053927 4 1 1
1 80 64026588 5 1 1
1 80 66831669 4 1 1
1 80 35053863 4 1 1
1 80 52145520 5 1 1
1 80 35431430 4 1 1
1 81 57003641 5 1 1
1 82 32670849 4 1 1
1 83 7811610 5 1 1
1 83 52067331 5 1 1
1 83 41723548 4 1 1
1 85 63981343 4 1 1
1 85 63731136 5 1 1
1 86 7688565 4 1 1
1 87 24335865 5 1 1
1 88 11236484 5 1 1
1 88 12013351 4 1 1
1 88 26913485 5 1 1
1 90 34163200 4 1 1
1 91 34230566 5 1 1
1 91 10356729 4 1 1
1 91 45344573 5 1 1
1 91 10356107 5 1 1
1 91 27422855 4 1 1
1 91 8941957 5 1 1
1 91 16247055 4 1 1
1 91 10356725 5 1 1
