0 0 13474185 5 0 14.5
0 0 230648470 5 0 10.7872
0 0 214723957 5 0 21.4688
0 0 205480804 5 0 11.1562
0 0 182738255 4 0 14.5
0 0 26988916 4 0 17.0078
0 0 244801034 4 0 27.3065
0 0 205149673 4 0 12.6858
0 0 254833246 5 0 13.9726
0 0 254833177 4 0 14.069
0 0 218438099 4 0 32.4688
0 0 56379854 4 0 12.1875
0 0 43274742 5 0 14.5
0 0 115409994 4 0 16
0 0 72696288 5 0 7.98421
0 0 14651127 4 0 18.4375
0 0 205286909 5 0 11.8125
0 0 140424967 5 0 14.5
0 0 56379907 4 0 16.0506
0 1 64490968 4 0 17.8209
0 1 27117660 5 0 28.6132
0 1 94350755 5 0 13.3894
0 1 94892408 5 0 16.3652
0 1 6197196 4 0 15.3949
0 1 6164078 4 0 14.5
0 1 106418960 4 0 14.3243
0 1 96439430 5 0 23.5195
0 1 176791255 5 0 16.6875
0 1 80124360 5 0 21.138
0 1 5788852 5 0 10.1901
0 1 176687702 5 0 29.75
0 1 121196756 4 0 7.76201
0 1 6197198 5 0 16.414
0 1 80124357 4 0 43.61
0 1 96439426 4 0 15.4542
0 1 175839969 5 0 10.13
0 1 80544397 4 0 10.9564
0 1 99209079 4 0 14.5
0 1 107744569 5 0 9.06927
0 1 122596648 4 0 8.17
0 1 39270032 4 0 14.5
0 1 67288550 4 0 11.3426
0 2 87301073 4 0 10.79
0 2 252403762 5 0 46.425
0 2 230680096 4 0 17.8563
0 2 172729124 4 0 11.4375
0 2 227903119 4 0 13.4576
0 2 218583307 4 0 15.9062
0 2 252403758 5 0 14.6683
0 2 227903231 4 0 18.9564
0 2 228010255 5 0 11.0759
0 2 102679435 4 0 10.2894
0 2 87297698 4 0 17.8359
0 2 228372622 4 0 8.38188
0 2 230679965 4 0 14.6079
0 2 173034121 5 0 14.5
0 2 87045183 4 0 8.73455
0 2 227902994 5 0 10.79
0 2 171959438 5 0 14.7812
0 2 11949398 5 0 10.7999
0 2 159790819 5 0 18.4688
0 2 239057503 5 0 8.39992
0 2 15272740 4 0 14.5
0 2 227902986 5 0 15.1261
0 2 230679933 5 0 16.05
0 2 227902982 4 0 16.05
0 2 230645106 4 0 14.5
0 2 239777094 5 0 10.24
0 2 228010338 5 0 16.05
0 2 18496202 4 0 10.7974
0 2 172568840 4 0 12.9478
0 2 60619118 4 0 13.41
0 2 74251105 5 0 7.92141
0 2 252403675 4 0 13.3856
0 3 76369702 4 0 24.4511
0 3 83718775 5 0 35.1854
0 3 15884353 5 0 12.7814
0 3 26836730 5 0 7.70993
0 3 26836716 4 0 16.7518
0 3 83400587 5 0 16.4375
0 3 101468415 5 0 14.5
0 3 151089990 4 0 10.7864
0 3 180086551 5 0 15.7558
0 3 35377344 4 0 19.1875
0 3 76369703 4 0 13.3614
0 3 89126037 5 0 10.7956
0 3 82834042 5 0 11.7601
0 3 52286875 4 0 23.125
0 3 28915247 5 0 13.3838
0 3 47874518 4 0 10.995
0 3 34246626 4 0 7.9002
0 3 78242193 4 0 12.0625
0 3 26836717 4 0 16.05
0 4 35186468 5 0 16.928
0 4 35186467 4 0 16.0513
0 4 51147341 5 0 25.7537
0 4 70696586 4 0 34
0 4 197379718 4 0 32.3
0 4 144485822 4 0 18.625
0 4 164721921 4 0 14.5
0 4 35186221 4 0 16.4042
0 4 195582189 4 0 15.3924
0 4 195582106 5 0 31.9521
0 4 195068575 4 0 18.2812
0 4 45539092 4 0 14.5
0 4 137898901 4 0 10.79
0 4 197379707 5 0 17.2081
0 4 153809749 5 0 16.0528
0 4 195348726 4 0 7.56698
0 4 132193143 4 0 17.3125
0 4 189279603 4 0 11.4531
0 4 164632226 5 0 22.7344
0 4 195582110 4 0 16.05
0 4 139212546 4 0 10.7968
0 4 145201544 5 0 15.25
0 4 191792832 4 0 18.3984
0 4 197379712 4 0 10.79
0 4 75415758 5 0 14.5
0 4 91960490 4 0 13.4052
0 5 145102587 4 0 16.0806
0 5 14998117 5 0 32.5914
0 5 3824935 4 0 10.798
0 5 14997918 4 0 23.6374
0 5 92960209 5 0 16.125
0 5 143981579 5 0 12.9194
0 5 14997940 4 0 12.3396
0 5 90543759 5 0 12.7275
0 5 15002497 4 0 13.4185
0 5 125697009 4 0 8.34104
0 5 28136854 4 0 11.5647
0 5 14998068 4 0 17.3193
0 5 75426293 5 0 21.5
0 5 124849171 4 0 12.91
0 5 90544076 4 0 10.7725
0 5 111852965 5 0 10.6439
0 5 65316095 4 0 18.1875
0 5 14997917 4 0 64.6
0 6 88438334 4 0 8.77198
0 6 131545555 4 0 20.3225
0 6 147219084 4 0 16.0459
0 6 68593897 4 0 32.3025
0 6 129298264 4 0 17.6074
0 6 47258548 5 0 18.2033
0 6 67988901 5 0 15.393
0 6 155453624 4 0 16.0226
0 6 108837159 4 0 10.144
0 6 129298268 5 0 10.7832
0 6 131545642 4 0 16.8253
0 6 131389095 5 0 10.7388
0 6 72837031 5 0 17.3041
0 6 162166189 5 0 14.8197
0 6 91959813 5 0 17.0625
0 6 52534254 4 0 15.75
0 6 117218582 5 0 38.5625
0 6 40470602 4 0 9.99633
0 6 131545560 5 0 17.3213
0 6 131545643 4 0 14.5
0 6 130496708 5 0 8.60489
0 6 123016985 5 0 10.7841
0 6 131545554 4 0 24.181
0 6 131545637 5 0 10.13
0 6 168872882 5 0 13.8125
0 7 144711816 4 0 20.6767
0 7 144711684 5 0 22.0685
0 7 181835346 4 0 8.9512
0 7 129361755 4 0 15.7314
0 7 130486057 5 0 15.0205
0 7 130067067 5 0 32.2996
0 7 144711812 5 0 11.31
0 7 130486070 4 0 32.3002
0 7 181839489 4 0 9.44941
0 7 129154276 4 0 32.3
0 7 144711806 4 0 32.2868
0 7 40325935 4 0 16.0476
0 8 181361328 5 0 14.5
0 8 141916575 4 0 17.0312
0 8 181369551 5 0 14.5
0 8 139745191 5 0 25.2187
0 8 189155619 4 0 32.3197
0 8 195282742 5 0 16.0496
0 8 189155620 4 0 34.2648
0 8 139745190 5 0 11.1233
0 8 181783836 4 0 10.7905
0 8 150219836 4 0 11.9264
0 8 202248258 4 0 10.79
0 8 151677995 5 0 32.9531
0 8 205497665 5 0 14.8412
0 8 139744172 5 0 17.9219
0 8 202248175 5 0 8.17
0 8 203502099 4 0 13.2538
0 8 205420582 4 0 14.5
0 8 8649234 5 0 14.5
0 8 202248255 5 0 32.3026
0 8 189155624 5 0 8.17
0 9 17479447 5 0 12.25
0 9 156644465 4 0 21.9688
0 9 127692972 4 0 60.5751
0 9 116880976 5 0 17.0961
0 9 165556235 4 0 13.0625
0 9 127692942 5 0 13.39
0 9 22158540 4 0 12.9226
0 9 127692969 5 0 16.05
0 9 114359820 4 0 8.82559
0 9 125108893 4 0 11.3362
0 9 125108887 4 0 25.288
0 9 196650431 4 0 17.1831
0 9 182225362 4 0 14.5
0 9 169725878 4 0 13.4686
0 9 127692944 4 0 27.6601
0 9 37773417 5 0 14.5
0 9 169725701 4 0 13.39
0 9 190030583 4 0 16.9766
0 9 188616869 5 0 13.4297
0 9 18877719 4 0 9.76128
0 9 101243968 5 0 12.7188
0 9 112633425 4 0 13.39
0 10 90814567 5 0 16.0463
0 10 137193704 5 0 13.39
0 10 128856681 4 0 18.0771
0 10 137193618 5 0 25.961
0 10 87111377 5 0 34.3125
0 10 101932928 5 0 13.0576
0 10 172699651 4 0 7.73725
0 10 172883163 5 0 17.9355
0 10 33125041 4 0 11.2843
0 10 160905974 5 0 16.375
0 10 128341317 4 0 9.89719
0 10 172709023 5 0 13.8247
0 10 151702981 4 0 11.1419
0 10 140049273 5 0 45.9244
0 10 72629169 4 0 14.5
0 10 140059063 4 0 32.2997
0 10 173817040 5 0 14.5713
0 10 135251616 5 0 7.80017
0 10 151702996 5 0 13.3599
0 10 172746889 4 0 10.6948
0 10 137193703 5 0 15.1403
0 10 172708920 5 0 19.7788
0 10 90439660 4 0 17.8594
0 10 133857940 5 0 13.3844
0 10 160910674 4 0 14.4098
0 10 156606447 4 0 8.17
0 10 151702980 4 0 19.3016
0 11 177995433 5 0 46.1874
0 11 77402462 4 0 14.0454
0 11 74086232 5 0 16.3741
0 11 77402765 4 0 13.3241
0 11 44248423 5 0 15.75
0 11 75345110 5 0 10.9062
0 11 77402465 5 0 22.2038
0 11 103217509 5 0 16.125
0 11 113136005 5 0 7.90155
0 11 77324336 4 0 13.4836
0 11 31825129 5 0 14.1532
0 11 88162267 5 0 17.4755
0 11 32296641 5 0 15.75
0 11 83273985 4 0 16.4375
0 11 77402467 5 0 16.0422
0 11 110952277 5 0 16.6793
0 11 94640826 4 0 11.375
0 11 64188438 5 0 10.787
0 11 64343643 4 0 15.4531
0 11 77324337 4 0 10.79
0 11 77324339 5 0 16.05
0 12 30708287 4 0 9.76488
0 12 18027538 4 0 18.5322
0 12 140399651 5 0 18.2662
0 12 81840593 5 0 13.3756
0 12 123656306 4 0 10.8031
0 12 85261584 5 0 10.8016
0 12 21831295 5 0 15.125
0 12 99025569 4 0 14.4308
0 12 34800038 5 0 13.4046
0 12 75495198 5 0 19.375
0 12 123656307 4 0 21.5719
0 12 141814732 4 0 15.9186
0 12 70187440 5 0 19.0547
0 12 19014754 4 0 10.439
0 12 77780176 4 0 30.7682
0 12 7087393 4 0 32.325
0 12 63273031 4 0 14.4782
0 12 22127573 4 0 22.125
0 12 18081063 5 0 9.88117
0 12 139622835 5 0 7.7868
0 12 8933514 5 0 16.05
0 12 87228068 5 0 10.9369
0 12 86556501 5 0 21.5799
0 12 75336823 5 0 18.5169
0 12 111657325 4 0 10.8125
0 12 87023994 4 0 15.7178
0 12 100341056 4 0 19.4062
0 12 18064495 5 0 32.8727
0 12 124843550 5 0 8.17
0 12 87717034 4 0 8.69772
0 12 124842824 4 0 10.7913
0 12 99025532 5 0 14.8569
0 12 128239402 5 0 14.5
0 12 136285645 4 0 14.5
0 12 86460415 5 0 11.7048
0 12 9577017 5 0 13.9879
0 12 75018398 4 0 8.33091
0 12 87291487 5 0 14.5
0 12 18064577 5 0 16.05
0 12 87264433 5 0 10.13
0 13 173060059 4 0 10.7806
0 13 6952442 5 0 30.0078
0 13 173059978 4 0 20.6569
0 13 4352706 4 0 16.0868
0 14 71611580 5 0 14.5
0 14 44843919 5 0 12.5018
0 14 44843895 4 0 13.39
0 15 150670712 5 0 8.42406
0 15 110930592 4 0 40.5121
0 15 99175944 4 0 13.3888
0 15 479863 5 0 16.0318
0 15 144755452 5 0 17.458
0 15 852083 5 0 15.3198
0 15 68800274 5 0 13.39
0 15 136669669 4 0 10.8187
0 15 135255748 4 0 15.0501
0 15 96566615 4 0 16.0524
0 15 479858 4 0 14.5
0 15 592033 5 0 16.1875
0 15 68833404 5 0 13.39
0 16 93011453 4 0 19.5
0 16 131983807 5 0 19.75
0 16 131987557 5 0 15.125
0 16 132410475 5 0 13.4071
0 17 142401994 4 0 52.8484
0 17 85004192 4 0 15.9484
0 17 142401992 4 0 26.5955
0 17 49948400 4 0 10.7934
0 17 153804321 4 0 33.2344
0 17 142401993 4 0 41.6696
0 17 38157861 4 0 17.7107
0 17 13522424 5 0 15.6953
0 17 154394401 5 0 16.0484
0 17 83631666 5 0 10.7912
0 17 142413010 4 0 10.6271
0 17 83391103 5 0 10.8807
0 17 67207845 4 0 32.3048
0 17 142413149 4 0 24.7905
0 17 77678102 4 0 14.75
0 17 85671526 4 0 10.3038
0 17 108432986 4 0 16.6094
0 17 116411515 4 0 10.9253
0 17 142413086 4 0 20.0767
0 17 126773060 5 0 10.7934
0 17 109071157 4 0 13.875
0 17 39607035 5 0 7.57048
0 17 153560323 5 0 7.99925
0 18 42340147 4 0 14.5
0 18 54472663 5 0 54.4021
0 18 54620962 5 0 8.70276
0 18 74475122 5 0 17.25
0 18 92602584 4 0 14.5
0 18 63559271 4 0 10.7959
0 18 54621271 5 0 7.5906
0 18 109187336 5 0 15
0 19 47808734 5 0 16.9121
0 19 62753050 5 0 19.3636
0 19 39709511 5 0 11.4236
0 19 40566173 5 0 72.2582
0 19 62753056 4 0 32.3258
0 19 42809591 5 0 26.6285
0 19 1108057 4 0 13.39
0 19 34238767 4 0 18.1583
0 19 8017818 4 0 17.2465
0 19 35816744 5 0 15.5176
0 19 56615650 4 0 10.7904
0 19 42809737 4 0 14.2012
0 19 49884179 5 0 13.4248
0 19 7620468 4 0 17.2358
0 19 8017823 5 0 10.79
0 19 78188081 5 0 8.66552
0 19 1108048 5 0 12.3396
0 19 62752971 5 0 18.7517
0 19 13136333 4 0 8.31137
0 19 40566170 5 0 15.4548
0 19 35440859 4 0 17.2617
0 19 1108056 4 0 16.07
0 19 2852151 4 0 14.5
0 19 40565371 4 0 49.2383
0 19 55875162 4 0 16.0503
0 19 48506879 5 0 16.8858
0 19 51731281 5 0 19.5498
0 19 12878532 5 0 10.8099
0 19 56036530 5 0 7.68124
0 19 8207080 5 0 8.39598
0 19 42809594 5 0 13.39
0 19 62968009 5 0 8.68173
0 19 37150415 4 0 14.5
0 19 89495507 5 0 10.7907
0 20 152800087 5 0 14.5069
0 20 108602677 5 0 43.0928
0 20 123573773 5 0 35.544
0 20 109122964 5 0 15.6823
0 20 108023516 5 0 16.4276
0 20 79969872 5 0 16.056
0 20 108617205 4 0 15.7099
0 20 7361244 4 0 16.0523
0 20 109666913 4 0 17.9275
0 20 7913664 4 0 13.2031
0 20 109123230 4 0 13.7133
0 20 123665379 4 0 13.354
0 20 109122968 5 0 13.39
0 20 124109940 5 0 18.7578
0 20 19552277 5 0 10.6791
0 20 7361246 5 0 15.0617
0 20 113807615 4 0 15.5625
0 20 108602753 4 0 14.4442
0 20 108602750 4 0 13.9569
0 20 12675823 5 0 20.4688
0 20 124109946 4 0 13.8594
0 20 123649107 4 0 12.5195
0 20 89225495 5 0 19.7422
0 20 53817919 5 0 32.3066
0 20 123665390 5 0 8.75237
0 20 103783482 5 0 16.0493
0 20 108617123 5 0 12.91
0 20 108617118 5 0 20.8032
0 20 108617100 5 0 10.79
0 20 56292257 4 0 14.5
0 20 125382203 4 0 12.91
0 21 78989378 5 0 12.5466
0 21 147419177 5 0 20.2188
0 21 135371856 5 0 11.1795
0 21 102976486 5 0 19.2344
0 21 121675604 4 0 24.18
0 21 145425817 5 0 12.91
0 21 78651647 5 0 14.5
0 21 103244591 5 0 9.04842
0 21 69201507 5 0 14.5
0 21 112512009 4 0 14.5
0 21 37809473 5 0 49.9659
0 21 123141160 5 0 10.4192
0 21 120377272 4 0 11.0058
0 21 113868515 5 0 16.6406
0 21 22048159 4 0 12.1875
0 21 105721214 5 0 13.392
0 22 152629452 5 0 12.2092
0 22 52042517 5 0 11.3867
0 22 137062151 4 0 10.7764
0 22 147339270 5 0 20.2154
0 22 71191713 4 0 12.8125
0 22 51726811 5 0 25.4601
0 22 123592197 5 0 12.1265
0 22 30922154 4 0 16.2744
0 22 71239505 4 0 12.18
0 22 152662486 4 0 20.4394
0 22 138724214 5 0 10.9511
0 22 71561644 5 0 36.6492
0 22 15381673 4 0 15.0565
0 22 52680658 4 0 10.79
0 22 50159601 4 0 12.9688
0 22 142084583 4 0 14.4375
0 22 28271615 4 0 38.5
0 22 2434435 5 0 13.4186
0 22 52505052 4 0 32.3027
0 22 52680661 5 0 15.4728
0 22 71561648 5 0 12.4901
0 22 141850869 4 0 11.31
0 23 52777575 5 0 14.5
0 23 8350561 5 0 12.125
0 24 86117853 4 0 9.98167
0 24 25475297 5 0 21.0625
0 24 46941926 4 0 10.7918
0 24 52465463 4 0 7.65178
0 24 142880742 5 0 35.5625
0 24 144138070 5 0 16.0938
0 24 152766394 5 0 9.65368
0 25 129481599 4 0 11.9247
0 25 113674114 4 0 7.9287
0 25 49689629 5 0 9.65222
0 25 81043957 4 0 10.6643
0 25 93952273 4 0 9.60439
0 25 13095442 5 0 13.875
0 25 26559448 4 0 16.6875
0 25 109701573 4 0 14.1875
0 25 129481600 4 0 16.4806
0 25 129468126 4 0 16.0811
0 25 396520 4 0 14.5
0 25 17259230 4 0 13.3863
0 25 72904475 4 0 14.5
0 25 129481601 4 0 10.79
0 26 83265506 4 0 13.0282
0 26 97487134 5 0 21.8357
0 26 57658264 4 0 19.625
0 26 77871230 5 0 21.5481
0 26 19514077 4 0 14.6481
0 26 26579535 4 0 14.5
0 26 73996743 5 0 14.5
0 26 49650914 5 0 12.91
0 26 124475415 4 0 9.35957
0 26 119159688 4 0 8.88609
0 26 6633143 5 0 20.3125
0 26 34818654 5 0 14.5
0 26 58929000 5 0 24.1527
0 26 6026274 5 0 10.7867
0 26 120879969 4 0 14.5
0 27 82866163 5 0 25.3001
0 27 66407230 5 0 10.7897
0 27 22774496 4 0 16.1094
0 27 54157806 4 0 20.5481
0 27 82141921 5 0 14.8423
0 27 70402531 5 0 25.4846
0 27 75921059 4 0 26.7802
0 27 81561252 5 0 29.6581
0 27 66407236 4 0 8.19465
0 27 67792545 5 0 14.4492
0 27 67792924 4 0 14.5
0 28 92285572 4 0 15.8828
0 28 77349896 4 0 18.1641
0 28 77071488 5 0 12.2188
0 28 26585011 5 0 11.375
0 29 48242053 5 0 10.7904
0 29 51299417 5 0 16.0633
0 29 57977826 4 0 13.9785
0 29 58815580 5 0 18.6016
0 29 48480691 5 0 32.3
0 29 51325142 4 0 10.184
0 29 36500006 5 0 14.5
0 30 89298151 4 0 29
0 30 19640182 5 0 8.17
0 30 89297646 5 0 15.625
0 30 132540 4 0 14.5
0 30 61845733 5 0 10.9375
0 30 76365887 5 0 10.13
0 31 9962502 4 0 13.3823
0 31 60454806 5 0 17.375
0 31 58301981 4 0 22.5625
0 31 20174422 4 0 22.6875
0 31 47268655 4 0 14.5
0 31 16065129 4 0 13.3889
0 31 31978719 5 0 32.2986
0 31 16471530 5 0 9.5303
0 32 83310691 4 0 13.3732
0 32 100801211 5 0 9.91795
0 32 31900156 5 0 11.6948
0 32 83310692 4 0 19.6268
0 32 83543043 5 0 16.0798
0 32 103357215 5 0 10.775
0 33 51420756 5 0 9.16527
0 33 55168283 4 0 11.0119
0 33 26459967 5 0 17.5862
0 33 55798082 4 0 11.6406
0 33 32539833 4 0 17.875
0 33 55168282 4 0 14.5
0 34 4676571 4 0 15.125
0 34 46394891 4 0 12.9826
0 34 59541816 5 0 17
0 34 50918952 4 0 15.582
0 34 45828756 5 0 13.2148
0 34 4446249 4 0 10.79
0 34 4446247 4 0 32.2692
0 34 46394895 4 0 32.3019
0 34 37907562 5 0 11.4368
0 35 57024523 5 0 14.875
0 35 71834968 4 0 12.291
0 35 4523917 4 0 69.3531
0 35 74043155 5 0 32.2992
0 35 74043158 5 0 32.3
0 35 74043157 5 0 14.2632
0 35 7615704 5 0 22.3325
0 35 59171610 5 0 20.4602
0 35 3945836 5 0 13.3904
0 35 74043076 4 0 17.5929
0 35 50868827 5 0 16.0475
0 35 5181955 4 0 11.9248
0 35 74043077 4 0 32.3
0 35 73482468 4 0 10.7897
0 36 18003823 5 0 10.9597
0 36 22611996 4 0 16.4688
0 36 22612005 5 0 15.9878
0 36 18003509 4 0 50.9749
0 36 401996 5 0 10.0995
0 37 76602610 4 0 35.4375
0 37 26681791 4 0 10.9688
0 37 26856714 4 0 10.13
0 38 17340446 4 0 11.75
0 38 27053656 4 0 14.5
0 38 27687758 4 0 8.17
0 38 42277418 4 0 41.586
0 38 42277421 4 0 12.8367
0 38 55221115 4 0 15
0 38 50305264 4 0 9.25987
0 39 72458829 5 0 12.91
0 41 17573153 5 0 14.5
0 41 50688964 5 0 27.9608
0 41 50636877 5 0 12.5547
0 41 9373931 4 0 17.25
0 41 36057577 4 0 8.17
0 42 36435128 5 0 33.4196
0 42 52374486 4 0 11.8547
0 42 39988338 4 0 33.1748
0 42 52354127 4 0 36.1724
0 42 39988340 5 0 18.6526
0 42 52354254 5 0 18.6307
0 42 52354324 4 0 17.0291
0 42 47876640 5 0 28.1691
0 42 52374783 4 0 14.6723
0 42 47876641 5 0 32.2941
0 43 44133931 4 0 11.2765
0 44 48955404 5 0 86.2949
0 44 48955349 4 0 34.1961
0 44 48955401 4 0 12.7807
0 44 48955405 5 0 47.656
0 44 43679802 4 0 14.5
0 44 44776112 5 0 9.56626
0 46 149553622 5 0 12.9097
0 46 124042328 5 0 14.5
0 46 210662073 4 0 42.5337
0 46 737722 4 0 13.3908
0 46 206132548 5 0 34.4703
0 46 119965254 5 0 16.0463
0 46 94218201 5 0 13.8835
0 46 196267900 5 0 12.91
0 46 249907282 5 0 13.3829
0 46 93481855 4 0 14.1088
0 46 93481964 4 0 9.57473
0 46 224129321 5 0 13.9113
0 46 255475563 4 0 14.5
0 46 93539534 5 0 11.8379
0 46 205999157 5 0 19.0852
0 46 205999154 4 0 19.2863
0 46 150678134 4 0 9.80537
0 46 205999156 5 0 13.8135
0 46 143503961 4 0 14.5
0 46 122867402 5 0 8.52973
0 46 233731831 5 0 10.0937
0 46 246938291 5 0 10.7813
0 46 94218192 5 0 16.6848
0 46 119965260 4 0 8.17
0 46 205999151 5 0 13.2875
0 46 185329526 4 0 12.7455
0 46 205999164 5 0 10.79
0 46 93542826 4 0 16.0605
0 47 174676889 5 0 17.757
0 47 230462573 5 0 16.0959
0 47 93020609 5 0 15.625
0 47 7014804 4 0 11.1406
0 47 199468345 4 0 35
0 47 172387904 4 0 17.875
0 47 148474830 5 0 12.6927
0 47 172735571 5 0 14.8594
0 47 160975334 5 0 17.1875
0 47 148160518 4 0 12.91
0 48 65529382 4 0 16.05
0 48 225576972 5 0 13.3851
0 48 9016157 5 0 15.5135
0 48 123660214 5 0 9.24477
0 48 132827548 4 0 14.935
0 48 41570500 4 0 14.0824
0 48 111095510 4 0 11.4832
0 48 19591171 4 0 12.8768
0 48 163986296 4 0 32.2796
0 48 80341830 4 0 14.5
0 48 155883737 5 0 11.8906
0 48 166629908 5 0 14.2078
0 48 234737259 5 0 8.59332
0 48 32018505 5 0 12.5703
0 48 28625600 4 0 9.03956
0 49 157493744 5 0 29.2624
0 49 145478436 4 0 9.66981
0 49 157916840 4 0 35.8798
0 49 144547184 4 0 14.8237
0 49 145312025 5 0 18.0464
0 49 145136962 5 0 37.342
0 49 145312094 5 0 45.8578
0 49 31939407 5 0 13.3921
0 49 217977213 4 0 15.9621
0 49 145312027 4 0 16.05
0 49 145336551 4 0 11.7408
0 49 144647621 4 0 16.3431
0 49 231741006 5 0 13.3903
0 49 145312032 4 0 19.1932
0 49 147318170 4 0 10.7866
0 49 218175254 4 0 10.13
0 49 103132502 4 0 14.1043
0 49 145312035 4 0 16.05
0 49 157175602 4 0 14.0508
0 49 145312034 4 0 11.5219
0 49 35513178 5 0 10.7524
0 49 157416494 5 0 17.0383
0 49 103132523 5 0 12.0602
0 49 157429755 5 0 27.5445
0 49 145312029 4 0 555.05
0 49 145312105 5 0 8.17
0 49 157416414 5 0 14.1815
0 49 157917044 5 0 12.0577
0 49 144034172 5 0 16.0879
0 49 157493746 4 0 19.1657
0 49 155018661 4 0 22.8099
0 49 145136903 5 0 13.39
0 49 1644785 5 0 12.91
0 49 158157587 4 0 9.62074
0 49 145312028 5 0 10.13
0 49 31939403 4 0 10.13
0 49 145312089 5 0 10.7901
0 49 157493741 4 0 12.4376
0 49 239561340 5 0 42.4293
0 49 146014677 4 0 10.3023
0 49 145136956 4 0 10.13
0 49 145136934 5 0 7.99323
0 49 145312025 4 0 8.35574
0 49 145136955 4 0 14.1402
0 49 157493742 5 0 14.721
0 49 231914378 4 0 14.5
0 49 155797237 5 0 8.57179
0 49 144704968 5 0 21.1277
0 49 157429821 4 0 10.79
0 49 231811501 5 0 27.3624
0 49 19902082 4 0 16.0525
0 49 103132503 4 0 16.05
0 49 155808216 5 0 10.2734
0 50 139166427 4 0 38.2381
0 50 139172305 4 0 27.8975
0 50 192339073 4 0 13.7437
0 50 180415613 4 0 17.3305
0 50 139172307 5 0 39.2188
0 50 46072687 4 0 9.8296
0 50 139172307 4 0 16.3353
0 50 88219979 4 0 10.13
0 50 59912771 5 0 8.41552
0 50 181850517 5 0 26.6075
0 50 105115302 4 0 11.9375
0 50 75891440 5 0 10.9375
0 50 103737229 5 0 11.1641
0 50 192339077 4 0 13.3835
0 50 194908735 4 0 20.4375
0 50 139166420 4 0 13.39
0 50 181332446 4 0 25.2859
0 50 78237891 5 0 12.3289
0 51 13400331 4 0 13.1769
0 51 94874122 5 0 16.05
0 51 94874122 4 0 13.5141
0 51 94010639 4 0 8.12495
0 51 17965049 4 0 14.8116
0 51 94881467 4 0 17.9766
0 51 94874205 5 0 44.8104
0 51 17959335 4 0 20.9246
0 51 27272543 4 0 13.3757
0 51 18376757 5 0 14.9035
0 51 148957279 5 0 10.1484
0 51 83820597 4 0 14.5
0 51 94874206 5 0 16.05
0 51 159848842 4 0 11
0 51 94874123 5 0 8.17
0 51 94777136 5 0 10.7905
0 52 93718634 5 0 13.386
0 52 23370921 4 0 15.6379
0 52 192623074 4 0 8.17
0 52 178996317 4 0 15.8094
0 52 36129075 5 0 16.048
0 52 187684757 4 0 26.6356
0 52 187684756 4 0 14.0903
0 52 76395630 4 0 12
0 52 187684755 4 0 16.0423
0 52 19069684 4 0 10.7743
0 53 144358258 5 0 12.1121
0 53 138450377 4 0 20.4121
0 53 24317526 4 0 9.71475
0 53 130668924 4 0 38.3778
0 53 206251965 5 0 18.7188
0 53 195315995 4 0 15.8097
0 53 195533823 4 0 9.02033
0 53 204140200 5 0 41.4567
0 53 196736015 4 0 14.7296
0 53 64907408 5 0 22.4024
0 53 139099553 5 0 16.0501
0 53 204178579 4 0 16.2583
0 53 196372829 5 0 13.39
0 53 181787631 5 0 19.1419
0 53 192705747 5 0 14.9311
0 53 195315994 4 0 23.8273
0 53 204178502 4 0 34.4861
0 53 204178576 4 0 20.5316
0 53 138450376 4 0 539
0 53 138499229 4 0 15.3271
0 53 138397388 4 0 16.2656
0 53 113362787 4 0 8.17
0 53 204178411 5 0 13.5463
0 53 204178417 5 0 12.91
0 53 204178422 4 0 10.9215
0 53 196735877 5 0 26.8527
0 53 23651898 5 0 14.5
0 53 187790480 4 0 32.279
0 53 195315789 5 0 10.4504
0 53 195380962 4 0 13.39
0 53 187681157 4 0 12.91
0 53 138450316 5 0 14.5
0 53 187790485 5 0 8.17
0 53 196735804 4 0 13.39
0 53 170718131 5 0 23
0 53 195370377 4 0 14.1674
0 53 195249833 4 0 20.7606
0 53 141313130 5 0 36.4688
0 53 196735684 5 0 14.6514
0 53 204178410 5 0 18.3423
0 53 195366016 4 0 7.80978
0 53 130926031 5 0 13.4022
0 53 139199353 4 0 13.3903
0 53 38768696 4 0 12.91
0 54 45439690 5 0 13.6406
0 54 58433205 4 0 13.5625
0 54 201642392 5 0 16.0496
0 54 200970952 4 0 15.4235
0 54 46619521 4 0 32.0934
0 54 33557554 4 0 13.8104
0 54 68236300 4 0 12.75
0 54 47766702 4 0 12.169
0 54 201715602 5 0 10.7902
0 54 128835307 5 0 17.875
0 54 33557551 4 0 19.75
0 54 201715605 5 0 18.0516
0 54 52721506 5 0 13.4161
0 54 46619576 5 0 16.2812
0 54 46721999 4 0 10.7837
0 54 201642386 5 0 14.5
0 54 49758576 5 0 20.1875
0 54 33557550 5 0 18.7345
0 54 186739775 5 0 17.9688
0 55 22430374 4 0 12.2018
0 55 205037273 4 0 16.5625
0 55 153952671 5 0 14.0859
0 55 190790900 5 0 16.0385
0 55 194205617 4 0 11.7309
0 55 105283775 5 0 11.75
0 55 142050857 4 0 13.3905
0 56 68733868 4 0 14.5
0 56 66132113 5 0 11.4267
0 56 66922239 5 0 11.4473
0 56 66132196 5 0 10.79
0 56 66132202 4 0 16.05
0 56 103220366 4 0 8.52529
0 56 63009173 5 0 10.13
0 56 44907206 4 0 559.667
0 56 52594878 5 0 10.7887
0 57 25324151 4 0 35.3125
0 57 63263637 5 0 11.375
0 57 47436170 5 0 16.0522
0 57 171343547 5 0 14.5
0 57 74418802 4 0 13.3966
0 58 46640384 4 0 27.8378
0 58 173902644 4 0 17.3125
0 58 53816636 4 0 28.9935
0 58 40163357 4 0 11.5352
0 58 142893111 5 0 14.9375
0 58 121908818 4 0 10.2493
0 59 32491937 5 0 10.7916
0 59 119137676 5 0 14.5
0 59 26773906 5 0 37.7859
0 59 26773907 5 0 25.1283
0 59 26773901 5 0 22.7539
0 59 26773908 5 0 20.8059
0 59 26773989 5 0 13.8125
0 59 31570459 5 0 24.3762
0 59 26200144 5 0 32.3014
0 59 26773921 5 0 13.3904
0 59 26773905 5 0 32.3
0 60 81880265 4 0 17.875
0 60 81695395 4 0 15.2134
0 60 117804392 5 0 14.5
0 60 146253658 5 0 13.8125
0 60 166481548 4 0 10.7281
0 60 82239790 4 0 20.4875
0 60 82239787 4 0 13.4587
0 60 82856301 4 0 15.2077
0 60 80408875 5 0 16.8125
0 60 166494504 5 0 9.3816
0 60 82416988 4 0 19.3125
0 60 141338461 4 0 17.6875
0 60 82239790 5 0 19.1179
0 60 81695393 5 0 22.722
0 60 112383800 5 0 10.9576
0 60 81695628 5 0 45.5561
0 60 82856304 5 0 16.0501
0 60 81763991 4 0 12.91
0 60 165994263 5 0 14.8446
0 60 166498474 4 0 8.39601
0 60 165937807 4 0 11.374
0 60 81764204 5 0 10.9666
0 60 81763992 4 0 14.5
0 60 81337486 5 0 16.05
0 60 82429603 4 0 8.99249
0 61 73826682 4 0 15.5897
0 61 13264786 4 0 14.5
0 61 73826675 4 0 46.7853
0 61 95855944 4 0 16.0564
0 61 73827200 4 0 14.3442
0 61 113044165 4 0 14.5
0 62 5878366 4 0 19.3654
0 62 129850012 5 0 14.3594
0 62 142680704 4 0 16.0453
0 63 23384653 5 0 24.2818
0 63 83883821 4 0 15.875
0 63 11356773 4 0 14.3672
0 63 7156828 4 0 14.5
0 63 21710305 4 0 14.5
0 63 23384654 5 0 538.998
0 63 116747087 5 0 14.5
0 63 117894216 5 0 8.17
0 63 153755556 4 0 9.29548
0 63 12545300 5 0 11.2339
0 63 149153788 5 0 14.5
0 63 122017007 4 0 17.5312
0 63 128409742 5 0 16.0492
0 64 119550513 4 0 19.4054
0 64 112406345 5 0 14.5
0 64 39934748 4 0 16.0467
0 64 119517123 4 0 25.3072
0 64 119550515 5 0 14.319
0 64 122247417 4 0 11.9375
0 64 119702777 5 0 14.5
0 64 85040441 4 0 10.9415
0 64 119702802 5 0 11.6645
0 64 119702778 5 0 13.39
0 64 119702400 4 0 32.3008
0 65 48031773 4 0 29.8199
0 65 57281749 4 0 57.7833
0 65 42833046 4 0 22.3103
0 65 103739200 4 0 10.7843
0 65 43642087 4 0 24.18
0 65 57482233 4 0 15.4058
0 65 42833047 4 0 39.017
0 65 70503906 5 0 8.17
0 65 70741225 4 0 48.6625
0 65 47286246 5 0 11.2734
0 65 113048424 4 0 12.91
0 65 43496197 4 0 10.5432
0 65 48031778 4 0 13.5928
0 65 48031779 4 0 21.0373
0 65 57061159 4 0 10.79
0 65 102879542 5 0 16.0938
0 65 70776696 4 0 13.5051
0 65 70741224 4 0 18.1217
0 65 58375234 4 0 11.3662
0 65 14426439 4 0 7.89762
0 65 57278817 4 0 8.69975
0 65 70161840 5 0 10.79
0 65 47383935 5 0 17.0234
0 65 70161788 5 0 22.4119
0 66 24270586 4 0 15.375
0 66 138802055 4 0 20.875
0 66 116992280 4 0 20.25
0 66 48358407 5 0 17
0 66 62002947 4 0 10.7894
0 66 61836251 4 0 11.8861
0 67 85761540 4 0 12.799
0 67 103892853 4 0 13.3774
0 67 85212511 5 0 8.91414
0 67 17355553 5 0 14.3159
0 67 85946769 4 0 16.3154
0 67 85241687 4 0 14.0257
0 67 85241753 5 0 10.79
0 67 85241670 5 0 10.79
0 67 85956827 5 0 13.3899
0 67 85241669 5 0 23.5513
0 67 25963428 4 0 13.3932
0 67 85241670 4 0 17.3396
0 68 41930215 4 0 16.8125
0 68 90870551 5 0 12.466
0 68 48811965 5 0 10.1889
0 68 119344569 5 0 16.0721
0 69 77090161 4 0 12.91
0 69 134325169 4 0 28.0428
0 69 56895575 4 0 17.1797
0 69 57560098 5 0 13.391
0 69 75696008 5 0 13.3875
0 69 51603592 5 0 8.85778
0 69 3100742 5 0 10.7946
0 69 96878060 5 0 13.3889
0 69 103759755 4 0 14.5
0 69 3100740 4 0 10.3471
0 69 95488547 4 0 8.9549
0 70 69823128 4 0 21.9829
0 70 69823129 4 0 10.7827
0 70 2355248 5 0 8.17
0 70 202255 5 0 11.8543
0 70 2355247 5 0 10.7918
0 70 53925834 4 0 15.1094
0 70 2574403 4 0 10.8015
0 70 53891873 5 0 32.3072
0 71 84512213 5 0 15.875
0 71 26808167 5 0 9.44138
0 71 74233850 4 0 14.3125
0 71 39115964 5 0 34.9062
0 71 124079 5 0 22.3438
0 71 21709398 4 0 33.625
0 71 73300683 5 0 7.81417
0 71 3453690 5 0 16.1875
0 71 72632171 4 0 15.6098
0 72 20011013 4 0 16.1147
0 72 8716874 5 0 13.839
0 72 95030646 5 0 19.0557
0 72 82485043 4 0 14.0635
0 72 69543322 4 0 11.3447
0 72 20738734 5 0 19.9164
0 72 94538106 5 0 16.7755
0 72 82482961 5 0 10.5767
0 72 69921927 4 0 10.8516
0 72 22407306 4 0 16.625
0 72 81367677 4 0 10.7895
0 72 68838555 5 0 12.7007
0 72 108666561 5 0 13.6875
0 72 8716880 4 0 18.2148
0 72 18733297 5 0 17.9434
0 72 82491479 4 0 12.4275
0 72 45004810 5 0 10.8085
0 72 4085407 5 0 8.17
0 73 81227817 4 0 15.7115
0 73 81227969 4 0 32.3
0 73 94636968 4 0 13.2698
0 73 95818141 5 0 8.00145
0 73 81227970 4 0 27.8266
0 73 95232651 5 0 8.15949
0 73 81227967 4 0 32.3
0 73 16677091 5 0 10.7797
0 75 89859328 4 0 16.041
0 75 76752774 5 0 10.1379
0 75 76752774 4 0 14.5
0 76 44268947 5 0 56.507
0 76 46781133 5 0 14.5
0 76 87692956 5 0 33.0404
0 76 31591487 4 0 18.1875
0 76 23363276 4 0 14.5
0 76 87966949 5 0 10.5874
0 76 32053967 4 0 16.375
0 77 18795633 5 0 11.7365
0 77 20777381 4 0 14.2025
0 77 20179267 5 0 14.5
0 77 18845801 5 0 11.1645
0 77 19979280 5 0 7.70239
0 77 19978952 5 0 7.68028
0 77 21341924 5 0 16.1525
0 77 18589264 4 0 11.4863
0 77 18772154 5 0 30.3956
0 77 20777385 5 0 10.79
0 77 20777376 5 0 17.8242
0 77 20771563 5 0 12.5183
0 77 20772252 5 0 45.69
0 77 18772218 5 0 15.0113
0 77 95039746 4 0 14.5
0 77 20179264 4 0 17.0281
0 77 20777446 4 0 23.3842
0 77 20777393 4 0 19.6962
0 77 18772214 4 0 16.05
0 77 18937101 4 0 10.7901
0 77 18747253 5 0 16.0498
0 77 20726655 5 0 7.86922
0 77 18772152 4 0 19.2391
0 77 20670974 4 0 10.671
0 77 18795303 4 0 10.79
0 77 18942488 4 0 8.17
0 77 20461440 5 0 14.3641
0 77 18772217 5 0 45.21
0 77 18866683 5 0 13.3902
0 77 20671587 4 0 11.33
0 77 20218557 4 0 10.79
0 77 20777456 4 0 13.39
0 77 18772147 4 0 16.05
0 77 65416022 4 0 14.5
0 78 78847904 4 0 30.6613
0 78 79313192 5 0 24.2897
0 78 79448675 5 0 10.6031
0 78 79313190 4 0 42.2076
0 78 95875811 5 0 10.3936
0 78 90868069 4 0 32.3073
0 78 42441936 4 0 32.3088
0 79 51826148 5 0 35.1875
0 79 63823146 4 0 32.2962
0 80 5889425 4 0 17.4375
0 80 7517526 4 0 14.5
0 81 28338179 4 0 39.3816
0 81 25402041 5 0 14.5
0 81 23141030 5 0 16.05
0 81 26042959 4 0 20.9926
0 81 28728794 5 0 12.0987
0 81 23816663 5 0 8.93789
0 81 23496754 4 0 14.7241
0 81 28338180 4 0 18.8149
0 81 23496746 4 0 33.1788
0 81 23350763 5 0 12.91
0 81 25881376 5 0 9.19239
0 81 10122846 5 0 12.2437
0 81 9995759 5 0 8.17
0 81 11399677 4 0 16.3465
0 81 28187326 5 0 16.6289
0 81 23760705 4 0 10.13
0 81 29086304 4 0 10.3873
0 81 7219212 4 0 10.789
0 81 9294031 5 0 11.7125
0 81 28693976 5 0 13.3902
0 81 28337435 4 0 13.3903
0 82 69973892 4 0 27.3479
0 82 69973813 4 0 44.7302
0 82 69973894 5 0 33.6823
0 82 33697804 5 0 27.3959
0 82 69973895 5 0 26.84
0 82 69973884 5 0 12.7652
0 82 33697723 4 0 42.43
0 82 48526751 4 0 14.5
0 82 33697805 5 0 10.8874
0 82 60769430 5 0 16.0485
0 82 71260673 4 0 7.89111
0 83 24342003 5 0 11.375
0 83 42167564 4 0 13.3755
0 83 51650541 4 0 10.8502
0 83 27155992 5 0 14.5
0 83 41512850 4 0 8.17
0 84 77352676 4 0 16.0543
0 84 77352673 4 0 19.9587
0 84 67765545 5 0 13.3125
0 84 61535808 4 0 19
0 84 63752198 4 0 8.70847
0 84 63786808 4 0 10.791
0 84 70569026 5 0 14.5
0 84 57675021 4 0 13.3881
0 85 54609338 4 0 19.4226
0 85 55060819 4 0 20.5
0 85 40282428 5 0 24.2215
0 85 38740626 5 0 18.6938
0 85 63688814 4 0 18.0578
0 85 50795825 4 0 10.8276
0 85 55073428 4 0 20.2734
0 85 37907009 4 0 8.17
0 85 37907092 4 0 30.143
0 85 58374304 5 0 10.8868
0 86 66368441 5 0 55.3889
0 86 66368514 5 0 12.6889
0 86 26191928 4 0 19.5
0 86 39226945 5 0 32.2923
0 86 34100991 5 0 15.0226
0 86 25129052 4 0 21.4375
0 86 66368512 5 0 16.05
0 86 77988166 4 0 12.91
0 86 38268888 4 0 14.5
0 86 66368511 5 0 32.3
0 86 51826444 4 0 10.7841
0 87 14364052 4 0 14.5
0 89 10821862 4 0 11.2809
0 89 15887587 4 0 16.0938
0 89 5678335 4 0 35.0312
0 89 8791700 5 0 13.9628
0 89 16685440 4 0 13.3935
0 89 8791746 4 0 20.8573
0 89 11034514 4 0 9.03532
0 89 9310050 4 0 10.7975
0 89 1939004 4 0 19.5155
0 89 3083700 4 0 13.8125
0 89 16685443 5 0 19.784
0 89 10821863 5 0 10.8141
0 91 26151764 4 0 14.875
0 91 34052098 4 0 22.875
1 0 217959283 4 1 1
1 0 254833199 4 1 1
1 0 17674130 4 1 1
1 0 228204758 5 1 1
1 0 244831136 4 1 1
1 0 139643414 4 1 1
1 0 23572020 5 1 1
1 0 72696375 5 1 1
1 0 21028227 5 1 1
1 1 107177437 4 1 1
1 1 79204359 5 1 1
1 1 80544402 5 1 1
1 1 9229364 4 1 1
1 1 13588300 5 1 1
1 1 120675720 4 1 1
1 1 81011710 4 1 1
1 1 94350772 5 1 1
1 2 9983904 5 1 1
1 2 133018545 5 1 1
1 2 74250860 4 1 1
1 2 227903312 4 1 1
1 2 54322119 5 1 1
1 2 87301167 4 1 1
1 2 9531762 4 1 1
1 2 72979967 5 1 1
1 2 227902981 5 1 1
1 2 229355668 4 1 1
1 2 66523921 5 1 1
1 2 230679887 4 1 1
1 2 227887864 5 1 1
1 2 23140304 4 1 1
1 2 228010253 5 1 1
1 2 252403749 4 1 1
1 2 227903223 5 1 1
1 2 228010549 5 1 1
1 3 82834039 5 1 1
1 3 26836897 4 1 1
1 3 28915177 5 1 1
1 3 16631068 5 1 1
1 3 170430769 4 1 1
1 3 64944766 5 1 1
1 3 41136407 5 1 1
1 3 26836651 5 1 1
1 3 16630988 5 1 1
1 3 45226768 5 1 1
1 3 151439934 5 1 1
1 3 89125963 4 1 1
1 3 15884227 4 1 1
1 4 153809763 4 1 1
1 4 51066273 4 1 1
1 4 127935285 5 1 1
1 4 197379710 5 1 1
1 4 113507235 5 1 1
1 4 151129911 5 1 1
1 4 179550244 4 1 1
1 4 128628525 5 1 1
1 4 187216272 4 1 1
1 4 103336716 5 1 1
1 5 3824933 5 1 1
1 5 14997933 5 1 1
1 5 103367748 5 1 1
1 5 14997996 4 1 1
1 5 92960197 5 1 1
1 5 15298303 4 1 1
1 5 103217182 4 1 1
1 6 116894941 4 1 1
1 6 147080502 4 1 1
1 6 129298883 5 1 1
1 6 52534792 4 1 1
1 6 41220085 4 1 1
1 6 115442335 4 1 1
1 6 123033733 4 1 1
1 6 33669484 5 1 1
1 6 129409427 5 1 1
1 6 123016903 4 1 1
1 6 48281355 4 1 1
1 6 147355959 4 1 1
1 6 131545546 5 1 1
1 6 129298260 4 1 1
1 6 76021269 5 1 1
1 6 131545643 5 1 1
1 7 141134209 5 1 1
1 7 141946974 5 1 1
1 7 144711605 5 1 1
1 7 54776636 4 1 1
1 8 97390076 4 1 1
1 8 45247904 4 1 1
1 8 129066897 5 1 1
1 8 181854850 5 1 1
1 8 6160784 4 1 1
1 8 60303266 5 1 1
1 8 60231737 5 1 1
1 8 189803377 5 1 1
1 8 159474646 4 1 1
1 8 89187405 5 1 1
1 8 159474726 4 1 1
1 8 182562899 5 1 1
1 8 22487408 5 1 1
1 9 170356505 5 1 1
1 9 196316450 4 1 1
1 9 116852729 4 1 1
1 9 169725702 5 1 1
1 9 127692946 4 1 1
1 9 127564735 5 1 1
1 9 17479452 5 1 1
1 9 127692948 4 1 1
1 10 173068928 4 1 1
1 10 88566504 5 1 1
1 10 172742186 5 1 1
1 10 160905884 5 1 1
1 10 33845710 4 1 1
1 10 133962624 4 1 1
1 10 87678989 5 1 1
1 10 172699566 5 1 1
1 10 156606363 4 1 1
1 10 156606348 5 1 1
1 10 77105491 4 1 1
1 10 139993504 5 1 1
1 10 86957682 5 1 1
1 10 160819106 5 1 1
1 10 136037744 4 1 1
1 11 31798107 4 1 1
1 11 178931924 5 1 1
1 11 110952264 5 1 1
1 11 77402462 4 1 1
1 11 110201896 4 1 1
1 11 31825134 5 1 1
1 11 25816140 4 1 1
1 11 35381128 4 1 1
1 11 77402786 5 1 1
1 11 101764055 5 1 1
1 12 141814607 4 1 1
1 12 86460321 5 1 1
1 12 87935563 4 1 1
1 12 62567304 5 1 1
1 12 9565336 5 1 1
1 12 8933595 4 1 1
1 12 75661034 5 1 1
1 12 124141401 5 1 1
1 12 124947358 5 1 1
1 12 76932354 5 1 1
1 12 44870946 4 1 1
1 13 16240009 5 1 1
1 14 48669281 4 1 1
1 15 96479032 5 1 1
1 15 145456623 5 1 1
1 15 135088058 5 1 1
1 15 144755716 4 1 1
1 15 68800214 5 1 1
1 15 151559180 5 1 1
1 15 125853504 4 1 1
1 15 97884422 4 1 1
1 15 592081 5 1 1
1 15 68833419 5 1 1
1 15 110157469 4 1 1
1 15 85159535 4 1 1
1 15 150038725 4 1 1
1 15 96566607 4 1 1
1 17 142401930 5 1 1
1 17 100378567 4 1 1
1 17 126773034 4 1 1
1 17 153560372 4 1 1
1 17 142401989 4 1 1
1 17 77678088 5 1 1
1 17 67120219 5 1 1
1 17 50552511 5 1 1
1 17 135804707 5 1 1
1 17 85671352 4 1 1
1 18 73027760 5 1 1
1 18 74475288 4 1 1
1 18 66735901 5 1 1
1 18 54489379 4 1 1
1 18 54317209 4 1 1
1 19 56000652 4 1 1
1 19 48506869 5 1 1
1 19 15688867 5 1 1
1 19 40565026 4 1 1
1 19 72120991 4 1 1
1 19 43525967 4 1 1
1 19 49911597 5 1 1
1 19 76588432 5 1 1
1 19 46937607 4 1 1
1 19 63558735 4 1 1
1 19 48506834 5 1 1
1 19 42809727 5 1 1
1 19 43656587 4 1 1
1 19 7620478 5 1 1
1 19 35161150 4 1 1
1 19 51899168 5 1 1
1 20 123649106 4 1 1
1 20 108597829 5 1 1
1 20 123653382 5 1 1
1 20 123665206 4 1 1
1 20 109122054 5 1 1
1 20 108617198 4 1 1
1 20 108640039 5 1 1
1 20 124816763 4 1 1
1 20 20917056 5 1 1
1 21 136672871 4 1 1
1 21 147419282 4 1 1
1 21 121675781 5 1 1
1 21 124510940 5 1 1
1 21 121675655 5 1 1
1 22 52680650 4 1 1
1 22 152731840 5 1 1
1 22 51726821 5 1 1
1 22 51726811 4 1 1
1 22 140162446 5 1 1
1 22 31409065 4 1 1
1 22 140162441 4 1 1
1 22 28502518 4 1 1
1 22 52680731 5 1 1
1 22 41239841 4 1 1
1 22 17148754 5 1 1
1 22 153310065 5 1 1
1 22 152629298 4 1 1
1 23 125928892 5 1 1
1 23 89272520 5 1 1
1 23 141243083 5 1 1
1 23 77507637 4 1 1
1 24 152763229 4 1 1
1 24 22187986 4 1 1
1 24 52465461 5 1 1
1 24 40626670 5 1 1
1 24 42159298 4 1 1
1 25 97746269 4 1 1
1 25 18601813 4 1 1
1 25 17259220 5 1 1
1 25 126495557 5 1 1
1 25 51090121 4 1 1
1 26 65122291 4 1 1
1 26 84034660 5 1 1
1 26 26224717 4 1 1
1 26 19514154 4 1 1
1 26 48361694 4 1 1
1 26 19514327 4 1 1
1 26 9156616 4 1 1
1 26 74076072 4 1 1
1 26 97414581 5 1 1
1 26 74703681 5 1 1
1 27 64459892 4 1 1
1 27 82141833 4 1 1
1 27 70402247 4 1 1
1 27 82141838 5 1 1
1 28 92234347 4 1 1
1 28 76453075 5 1 1
1 28 52740498 5 1 1
1 29 51299421 5 1 1
1 29 49441975 4 1 1
1 29 45122142 5 1 1
1 30 2715126 5 1 1
1 30 76365897 4 1 1
1 31 32910234 4 1 1
1 31 88464961 5 1 1
1 32 100638191 5 1 1
1 32 32452642 4 1 1
1 33 25250707 5 1 1
1 33 26436562 5 1 1
1 33 51411645 4 1 1
1 33 73749919 4 1 1
1 33 24520033 5 1 1
1 34 47581706 5 1 1
1 34 46044853 5 1 1
1 34 38691413 5 1 1
1 34 37907961 4 1 1
1 35 3868063 5 1 1
1 35 71835056 4 1 1
1 35 74043151 4 1 1
1 35 4104102 5 1 1
1 36 5545599 5 1 1
1 36 23932013 4 1 1
1 36 18003398 5 1 1
1 37 51990369 4 1 1
1 37 75314421 5 1 1
1 38 75774559 5 1 1
1 38 55221191 4 1 1
1 38 39687683 4 1 1
1 38 17606705 5 1 1
1 39 70664566 4 1 1
1 41 36057793 5 1 1
1 41 50636785 4 1 1
1 41 49581729 4 1 1
1 44 48955394 4 1 1
1 44 48955374 4 1 1
1 44 48961940 4 1 1
1 44 48955538 4 1 1
1 44 48158946 4 1 1
1 46 206097591 5 1 1
1 46 149521187 5 1 1
1 46 33753299 5 1 1
1 46 228069916 4 1 1
1 46 224129410 5 1 1
1 46 149553550 5 1 1
1 46 94218298 5 1 1
1 46 93481851 5 1 1
1 46 93493591 4 1 1
1 46 206002307 5 1 1
1 46 149650131 4 1 1
1 46 93481881 5 1 1
1 46 182868193 4 1 1
1 47 160975277 5 1 1
1 47 91741041 5 1 1
1 47 93244733 5 1 1
1 47 231627569 4 1 1
1 47 134535250 4 1 1
1 47 172735017 5 1 1
1 48 109642349 5 1 1
1 48 29181315 4 1 1
1 48 237697395 5 1 1
1 48 87934675 5 1 1
1 48 33477492 5 1 1
1 48 19580581 4 1 1
1 48 33477482 4 1 1
1 48 33477139 4 1 1
1 48 19580461 5 1 1
1 48 122697291 5 1 1
1 48 237708011 5 1 1
1 48 41987075 5 1 1
1 48 246988057 4 1 1
1 48 238135268 4 1 1
1 48 122697232 4 1 1
1 49 145210621 4 1 1
1 49 144546983 5 1 1
1 49 156909112 4 1 1
1 49 144804632 4 1 1
1 49 145304918 5 1 1
1 49 144647638 5 1 1
1 49 145312126 4 1 1
1 49 144547363 5 1 1
1 49 219663709 5 1 1
1 49 154381374 4 1 1
1 49 22332532 4 1 1
1 49 143645724 5 1 1
1 49 156908974 4 1 1
1 49 157605295 5 1 1
1 49 156414259 5 1 1
1 49 144715118 5 1 1
1 49 157605301 4 1 1
1 49 130614075 4 1 1
1 49 156413491 4 1 1
1 49 156909262 4 1 1
1 49 155798324 4 1 1
1 49 157493859 5 1 1
1 49 157493638 4 1 1
1 49 157850892 4 1 1
1 49 157605450 4 1 1
1 49 143571271 5 1 1
1 49 157847114 5 1 1
1 49 234459342 5 1 1
1 49 157205469 5 1 1
1 49 145312214 5 1 1
1 49 205801935 4 1 1
1 49 157416421 4 1 1
1 49 145136828 5 1 1
1 49 157593198 5 1 1
1 49 152322359 5 1 1
1 49 144712825 5 1 1
1 49 145136905 5 1 1
1 49 204610962 4 1 1
1 50 181850534 5 1 1
1 50 128190456 5 1 1
1 50 59912768 4 1 1
1 50 196166686 4 1 1
1 50 139172301 5 1 1
1 50 181332513 5 1 1
1 50 136372913 4 1 1
1 51 94874201 4 1 1
1 51 74751938 4 1 1
1 51 149078736 4 1 1
1 51 94879823 5 1 1
1 51 173504078 4 1 1
1 51 94874195 4 1 1
1 51 94879852 4 1 1
1 51 94019887 4 1 1
1 52 25167929 5 1 1
1 52 81054210 4 1 1
1 52 195037683 5 1 1
1 52 93718766 5 1 1
1 52 199098629 5 1 1
1 52 24868646 4 1 1
1 52 192623097 5 1 1
1 52 12162228 4 1 1
1 53 194111456 4 1 1
1 53 181787637 4 1 1
1 53 195370385 4 1 1
1 53 195249652 5 1 1
1 53 195370456 4 1 1
1 53 204140208 4 1 1
1 53 130519998 4 1 1
1 53 195249788 5 1 1
1 53 195316196 5 1 1
1 53 110149024 5 1 1
1 53 196736125 5 1 1
1 53 138987387 4 1 1
1 53 144202399 4 1 1
1 53 143682072 5 1 1
1 53 152175999 5 1 1
1 53 195315832 5 1 1
1 53 175034711 5 1 1
1 53 136582536 4 1 1
1 53 144528111 5 1 1
1 54 152423747 4 1 1
1 54 200970969 4 1 1
1 54 46721907 5 1 1
1 54 202629157 5 1 1
1 54 33557568 4 1 1
1 54 201642480 5 1 1
1 54 96494137 4 1 1
1 54 157686517 4 1 1
1 54 33558453 5 1 1
1 55 196167070 5 1 1
1 55 205037201 5 1 1
1 55 194679326 4 1 1
1 55 153952833 5 1 1
1 55 105276359 5 1 1
1 55 105283403 4 1 1
1 55 22422053 4 1 1
1 55 189300999 5 1 1
1 56 65438897 5 1 1
1 56 63065131 4 1 1
1 56 66132181 4 1 1
1 56 68884000 4 1 1
1 56 23118189 4 1 1
1 57 74418801 4 1 1
1 57 57961909 5 1 1
1 58 32811012 5 1 1
1 58 109763712 4 1 1
1 58 44603089 4 1 1
1 58 46640427 4 1 1
1 59 26773905 4 1 1
1 59 148312316 4 1 1
1 59 15057634 4 1 1
1 59 15009562 4 1 1
1 60 154339683 5 1 1
1 60 82429201 5 1 1
1 60 82912183 4 1 1
1 60 81695547 4 1 1
1 60 82484158 5 1 1
1 60 154186710 5 1 1
1 60 136322604 4 1 1
1 60 152801074 5 1 1
1 60 154339753 5 1 1
1 60 96308381 4 1 1
1 60 82239863 4 1 1
1 60 128511094 4 1 1
1 60 97164311 5 1 1
1 60 82456801 5 1 1
1 60 68868093 4 1 1
1 60 81609901 5 1 1
1 60 82239721 4 1 1
1 60 81695224 4 1 1
1 60 53805587 5 1 1
1 61 96915070 5 1 1
1 61 95855956 5 1 1
1 61 6350315 4 1 1
1 61 73827122 4 1 1
1 61 115497385 4 1 1
1 62 18900175 5 1 1
1 62 5878176 5 1 1
1 63 859094 5 1 1
1 63 125873939 4 1 1
1 63 63592634 5 1 1
1 63 23384573 5 1 1
1 63 84630396 4 1 1
1 64 119702744 5 1 1
1 64 119702488 5 1 1
1 64 128039218 4 1 1
1 64 119550589 5 1 1
1 64 49819193 4 1 1
1 65 43642072 4 1 1
1 65 43898065 4 1 1
1 65 72122679 5 1 1
1 65 113063519 5 1 1
1 65 58375242 4 1 1
1 65 70162150 4 1 1
1 65 70507138 5 1 1
1 66 46288653 4 1 1
1 66 8006170 5 1 1
1 66 72310046 5 1 1
1 66 75284658 4 1 1
1 67 47324327 4 1 1
1 67 47303336 4 1 1
1 67 17355557 4 1 1
1 67 87488394 5 1 1
1 67 81774586 4 1 1
1 67 85945913 4 1 1
1 67 85246103 4 1 1
1 68 68517562 5 1 1
1 69 96878058 4 1 1
1 69 63598943 5 1 1
1 69 65315449 5 1 1
1 69 58322092 4 1 1
1 70 2355252 4 1 1
1 70 69823117 4 1 1
1 70 540347 5 1 1
1 71 8339826 5 1 1
1 71 76991664 5 1 1
1 71 9127849 5 1 1
1 71 36182444 5 1 1
1 72 3794155 5 1 1
1 72 81980976 5 1 1
1 72 81324847 4 1 1
1 72 21829639 4 1 1
1 72 20184700 4 1 1
1 72 95047556 4 1 1
1 72 21640471 4 1 1
1 72 20894946 4 1 1
1 72 3794029 5 1 1
1 72 3794028 5 1 1
1 72 69921933 4 1 1
1 72 16002987 4 1 1
1 72 20010938 5 1 1
1 73 15157306 5 1 1
1 73 31787979 4 1 1
1 73 81227959 5 1 1
1 73 81227920 5 1 1
1 76 19348794 4 1 1
1 76 52621469 4 1 1
1 76 22984497 5 1 1
1 76 46781228 5 1 1
1 77 18772137 5 1 1
1 77 20024185 5 1 1
1 77 20451778 5 1 1
1 77 19978947 4 1 1
1 77 20772331 4 1 1
1 77 18816414 4 1 1
1 77 18747237 5 1 1
1 77 20219099 5 1 1
1 77 18816467 5 1 1
1 77 20768505 5 1 1
1 77 18816346 4 1 1
1 77 21342213 5 1 1
1 77 20090876 4 1 1
1 77 18846017 4 1 1
1 77 18795840 5 1 1
1 77 20070118 4 1 1
1 77 21359370 5 1 1
1 77 18747158 4 1 1
1 77 20020335 4 1 1
1 77 18846021 5 1 1
1 78 95575367 5 1 1
1 78 42441924 4 1 1
1 81 10099514 5 1 1
1 81 23496745 4 1 1
1 81 23453009 4 1 1
1 81 9999443 4 1 1
1 81 9618717 4 1 1
1 81 28203536 5 1 1
1 81 24932058 4 1 1
1 81 23350708 5 1 1
1 81 9665404 5 1 1
1 81 26042950 5 1 1
1 81 23140396 4 1 1
1 81 23742894 5 1 1
1 81 24931724 5 1 1
1 81 11399666 4 1 1
1 81 11399673 5 1 1
1 82 43463191 5 1 1
1 82 32558070 4 1 1
1 83 74392445 4 1 1
1 83 23496613 5 1 1
1 83 41512647 4 1 1
1 83 61369394 5 1 1
1 83 52457730 4 1 1
1 84 67765447 4 1 1
1 84 65514066 5 1 1
1 84 71243734 5 1 1
1 84 67691029 4 1 1
1 84 68174300 5 1 1
1 85 55073435 5 1 1
1 86 33440487 5 1 1
1 86 76488284 5 1 1
1 86 47557892 4 1 1
1 86 39226911 5 1 1
1 86 13477837 5 1 1
1 86 66368421 4 1 1
1 86 66368519 5 1 1
1 88 46960214 4 1 1
1 88 46257596 4 1 1
1 89 8791741 5 1 1
1 89 9310044 4 1 1
1 89 5678310 4 1 1
1 89 10821725 4 1 1
