-1 0.000085258 0.000450682 0.000217237 -0.01843 0.28585 0.95810 4.5e+03
-1 0.000166300 0.000022667 0.000088546 0.78996 -0.20716 -0.57710 4.5e+03
-1 -0.000153771 -0.000129078 -0.000052014 -0.85910 -0.06037 -0.50824 4.5e+03
-1 -0.000090993 0.000057815 0.000122436 -0.63348 0.03022 -0.77317 4.5e+03
-1 0.000326483 0.000208757 0.000151680 0.08412 0.46974 0.87879 4.5e+03
-1 0.000298331 -0.000009672 -0.000096963 0.22289 0.65703 0.72016 4.5e+03
-1 -0.000257698 0.000294128 -0.000077109 0.32721 0.67242 0.66392 4.5e+03
-1 -0.000174028 0.000288419 -0.000036524 -0.90407 0.40613 0.13311 4.5e+03
-1 -0.000095465 -0.000284235 0.000140272 0.32328 0.91463 0.24279 4.5e+03
-1 0.000115911 -0.000339119 -0.000176549 -0.89286 0.40841 -0.18976 4.5e+03
-1 -0.000423775 -0.000023539 -0.000342709 0.60293 0.39690 0.69206 4.5e+03
-1 -0.000016477 0.000061106 0.000437929 -0.28936 0.65227 0.70058 4.5e+03
-1 -0.000394494 0.000020075 -0.000116913 -0.96395 -0.17185 0.20313 4.5e+03
-1 0.000110141 0.000306751 -0.000016382 0.34788 0.39871 -0.84854 4.5e+03
-1 0.000244783 -0.000331467 -0.000071452 -0.75704 0.43971 0.48325 4.5e+03
-1 0.000236256 0.000470867 -0.000083421 -0.25835 0.34491 -0.90238 4.5e+03
-1 0.000312946 0.000249864 0.000225325 0.22537 0.40676 -0.88530 4.5e+03
-1 0.000233096 -0.000178583 0.000067599 -0.85260 -0.50509 0.13401 4.5e+03
-1 -0.000034951 -0.000343018 0.000353826 -0.49349 -0.52131 -0.69621 4.5e+03
-1 0.000388790 -0.000166902 0.000182202 0.66409 0.73469 -0.13859 4.5e+03
-1 -0.000139595 0.000436817 0.000133799 0.95768 0.28376 0.04826 4.5e+03
-1 -0.000057880 0.000249287 0.000266600 0.14470 0.21078 0.96677 4.5e+03
-1 -0.000327167 -0.000410291 0.000056873 0.16698 -0.85562 0.48993 4.5e+03
-1 0.000061199 -0.000133085 0.000032813 -0.97145 0.20077 0.12640 4.5e+03
-1 -0.000359663 -0.000081902 0.000294722 -0.68304 0.62033 0.38555 4.5e+03
-1 -0.000351897 0.000391163 -0.000139431 0.24907 -0.40962 0.87760 4.5e+03
-1 -0.000206575 0.000357958 0.000154587 -0.15784 -0.93137 -0.32807 4.5e+03
-1 0.000160578 0.000333073 -0.000287650 -0.37997 -0.09685 -0.91992 4.5e+03
-1 -0.000285527 0.000306065 -0.000135912 0.20345 0.49411 -0.84526 4.5e+03
-1 -0.000218170 -0.000105238 -0.000073449 0.10399 0.98615 -0.12923 4.5e+03
-1 0.000316260 -0.000060920 0.000189329 0.76697 0.55391 -0.32395 4.5e+03
-1 -0.000343257 -0.000102551 -0.000340032 -0.08648 -0.92036 0.38139 4.5e+03
-1 -0.000451415 -0.000087847 -0.000155137 0.67007 0.61001 -0.42296 4.5e+03
-1 0.000131290 0.000264689 -0.000136094 0.36881 0.30540 0.87790 4.5e+03
-1 0.000177289 -0.000089884 0.000237750 0.03785 0.92440 0.37955 4.5e+03
-1 -0.000294732 0.000119886 -0.000189413 0.25696 -0.63566 0.72795 4.5e+03
-1 -0.000240639 0.000148319 -0.000200374 0.22548 0.89282 -0.38991 4.5e+03
-1 0.000314694 0.000388782 0.000039698 0.10787 -0.35944 -0.92691 4.5e+03
-1 -0.000357317 0.000145779 0.000118132 -0.91117 0.27936 -0.30287 4.5e+03
-1 -0.000027932 -0.000057606 -0.000155163 0.01295 -0.89781 -0.44020 4.5e+03
