Number of possible reactions:
22
Interactions: idx of reaction, number of reactants, particle types, number of new particles, particle types, kobs (10^10 M-1S-1), Radii_React(nm), ProbReact
0 2 2 0 2 5 4 2.64 0.294271563924938 1
1 2 2 1 0 1.53 0.194171641101954 1
2 2 2 2 1 4 1.09 0.113266790642806 1
3 2 4 1 1 2 0.00417 0.00072505649536481 1
4 2 6 0 2 5 1 1.41 0.258783153621412 1 
5 2 3 0 1 2 2.11 0.200593584867416 1 
6 2 3 5 0 14.3 1.349762588493443 1 
7 2 1 0 1 5 3.02 0.506268230903453 1
8 2 1 1 1 6 0.95 0.103827891422573 1
9 2 0 0 3 5 5 4 1.29 0.067420708715956 1
10 2 2 7 1 8 1.32 0.36 1
11 2 0 7 1 9 1.79 0.67 1
12 2 2 9 1 10 0.99 0.41 1
13 2 1 8 1 7 1.08 0.43 1
14 2 1 9 2 7 5 1.10 0.44 1
15 2 1 10 2 8 5 0.832 0.47 1
16 2 2 8 1 6 0.99 0.4 1
17 2 0 8 1 10 1.28 0.71 1
18 2 0 9 3 5 5 6 1.28 0.72 1
19 2 3 9 1 8 4.78 0.47 1
20 2 3 10 1 6 5.0 0.5 1
21 2 5 8 1 9 6.3 0.54 1