0 0 155030136 5 0 10.8642
0 0 169225067 4 0 17.9219
0 0 184159709 4 0 15.8493
0 0 88831373 5 0 14.8828
0 0 156214562 5 0 13.3901
0 0 156339200 5 0 14.5
0 0 68637070 5 0 13.1292
0 0 166563727 4 0 10.7836
0 0 67280981 5 0 12.91
0 0 167224553 5 0 11.1539
0 0 191758944 4 0 32.2774
0 0 184159710 4 0 32.2957
0 0 68637075 4 0 20.92
0 0 168854675 5 0 9.24658
0 1 241931132 4 0 31.1614
0 1 110069879 5 0 19.2656
0 1 202672531 5 0 13.3903
0 1 87072961 4 0 45.2197
0 1 79591345 4 0 16.0502
0 1 170675562 5 0 18.838
0 1 241931137 5 0 16.4802
0 1 158051590 5 0 20.5701
0 1 87072964 5 0 22.9233
0 1 75524959 5 0 27.1722
0 1 80040465 4 0 12.6752
0 1 158053016 4 0 12.7225
0 1 56818201 4 0 17.0156
0 1 79565803 4 0 13.537
0 1 87072881 5 0 10.9839
0 1 85733763 4 0 29.44
0 1 80040466 4 0 11.2924
0 1 158069099 4 0 8.11825
0 1 87072965 5 0 13.39
0 1 154293319 4 0 13.0048
0 1 80107873 4 0 10.79
0 1 158785296 4 0 57.2093
0 1 68970451 4 0 10.7899
0 1 63112825 4 0 16.0445
0 1 241931133 4 0 29.6366
0 1 67053711 4 0 12.6904
0 1 100699812 5 0 8.9769
0 1 56965623 5 0 10.7767
0 1 80278905 5 0 8.32561
0 1 242141609 4 0 14.5
0 1 205066887 4 0 10.9551
0 1 79595789 5 0 32.3
0 1 48616113 5 0 14.5
0 1 230668202 5 0 15.6562
0 1 154280652 4 0 14.559
0 1 79596262 4 0 17.4604
0 1 80040208 5 0 14.7089
0 1 69650053 5 0 8.25084
0 1 154293259 4 0 16.05
0 1 79596339 4 0 16.05
0 1 201829510 4 0 8.36358
0 1 74861746 5 0 8.17
0 2 202005813 5 0 33.5039
0 2 39982282 4 0 16.2375
0 2 83026172 4 0 14.5529
0 2 55814677 4 0 12.6545
0 2 201133697 5 0 32.2994
0 2 39982255 4 0 34.6595
0 2 83026166 5 0 82.4019
0 2 190133501 4 0 23.4648
0 2 170201742 5 0 10.4748
0 2 129544435 4 0 13.7656
0 2 227648085 4 0 13.5824
0 2 257621010 5 0 8.45894
0 2 52364442 5 0 15.4277
0 2 52294167 4 0 17.5857
0 2 202014418 5 0 32.299
0 2 39981855 4 0 16.8025
0 2 148436686 4 0 9.89509
0 2 148894260 5 0 13.9928
0 2 52695935 5 0 13.3899
0 2 197532353 5 0 11.6875
0 2 52294035 4 0 32.6539
0 2 182277008 4 0 16.0493
0 2 170202125 5 0 16.0499
0 2 52294034 4 0 21.58
0 2 241939876 4 0 15.2366
0 2 148378469 4 0 8.20299
0 2 52695937 5 0 10.79
0 2 187175755 4 0 14.5
0 2 144996187 4 0 14.5
0 2 203454297 5 0 10.13
0 2 201949963 4 0 8.07206
0 2 189986582 4 0 10.1499
0 2 52294144 4 0 8.05726
0 2 187175750 5 0 20.6562
0 2 228411423 5 0 16
0 2 53004679 4 0 10.13
0 2 202459766 5 0 14.5
0 2 254641794 4 0 13.3884
0 2 52478619 4 0 10.2052
0 3 233380391 4 0 10.7853
0 3 192230611 4 0 13.6923
0 3 250019962 5 0 10.13
0 3 192230561 5 0 31.0999
0 3 187281879 5 0 11.4375
0 3 184886771 4 0 14.3974
0 3 197219909 4 0 28.7845
0 3 202083468 4 0 12.1875
0 3 192230576 4 0 15.1816
0 3 239947460 5 0 13.3906
0 3 239947462 5 0 19.9802
0 3 199186142 4 0 19.3438
0 3 192230049 5 0 12.3223
0 3 192180569 4 0 26.3
0 3 199489206 5 0 41.5135
0 3 197114115 4 0 10.13
0 3 239947630 5 0 13.3883
0 3 192639906 4 0 8.20546
0 3 192180566 5 0 16.3988
0 3 202081536 5 0 16.9648
0 3 192230607 4 0 12.7883
0 3 251584926 5 0 19.0625
0 3 175550710 5 0 11.5625
0 3 113019588 4 0 9.78846
0 3 86771796 4 0 11.31
0 3 192647586 5 0 8.21458
0 4 73744778 5 0 13.9941
0 4 73744771 5 0 43.1641
0 4 111411053 4 0 17.9062
0 4 197827142 5 0 14.9375
0 4 139225324 4 0 12.9062
0 4 164812688 4 0 11.9375
0 4 60883489 5 0 12.4844
0 4 73744509 4 0 13.1864
0 4 200748761 5 0 12.6773
0 4 73744767 4 0 36.537
0 4 73744852 4 0 12.91
0 4 6454242 5 0 16.0497
0 4 103805903 4 0 13.8125
0 4 132939763 4 0 12.7463
0 4 186590916 5 0 7.81255
0 4 162656020 4 0 10.8162
0 4 162656023 5 0 27.2374
0 4 60549664 5 0 17.4227
0 4 73744513 5 0 18.96
0 4 73744785 4 0 10.1904
0 4 60549671 5 0 32.3
0 4 60549665 4 0 10.79
0 5 203256555 5 0 13.3125
0 5 143125203 5 0 10.7914
0 5 113764116 5 0 11.31
0 5 189798293 4 0 15.875
0 5 138317907 4 0 17.3449
0 5 143125205 4 0 18.3961
0 5 145051026 5 0 20.4375
0 5 189794448 4 0 19.25
0 5 101033670 4 0 10.7979
0 5 49974943 4 0 16.0214
0 6 77438083 4 0 12.7014
0 6 69110254 4 0 24.9472
0 6 109483329 4 0 16.5938
0 6 85601808 4 0 31.2949
0 6 166674079 4 0 16.324
0 6 77309466 5 0 16.7384
0 6 170617947 5 0 11.8625
0 6 77309465 5 0 10.13
0 6 85601895 5 0 13.9865
0 6 85601894 5 0 16.4283
0 6 170641962 5 0 9.60105
0 6 103329552 5 0 10.7951
0 6 180659398 5 0 11.083
0 6 69110253 4 0 10.13
0 6 77309558 4 0 18.2854
0 6 168352830 4 0 14.5
0 6 322524 5 0 8.52712
0 6 104584610 5 0 14.5
0 7 40980136 5 0 10.79
0 7 41505630 4 0 27.328
0 7 15469714 5 0 18.4158
0 7 28077218 5 0 11.5215
0 7 28067916 5 0 11.7993
0 7 2418083 4 0 43.09
0 7 18124668 4 0 18.6318
0 7 15847136 4 0 15.602
0 7 15378947 5 0 28.9861
0 7 17229053 5 0 13.3899
0 7 148818908 4 0 14.5
0 7 18603480 5 0 22.2457
0 7 3107224 5 0 9.20808
0 7 40980131 5 0 34.4318
0 7 17228531 4 0 16.4818
0 7 152842061 4 0 16.3125
0 7 18761758 5 0 28.0186
0 7 41487979 4 0 15.6284
0 7 28067913 4 0 16.8375
0 7 41505626 4 0 15.6603
0 7 204854633 4 0 27.5825
0 7 24581891 5 0 17.7514
0 7 17932247 5 0 27.0615
0 7 19426188 5 0 8.17
0 7 20376872 5 0 11.3884
0 7 1146471 5 0 10.13
0 7 202879403 4 0 14.2039
0 7 18785941 5 0 19.6788
0 7 19903076 5 0 13.39
0 7 18598798 5 0 43.0901
0 7 1828046 5 0 16.5886
0 7 15765224 5 0 8.08224
0 7 2418082 4 0 14.5
0 7 20013912 5 0 20.5861
0 7 18155159 4 0 12.91
0 7 15378956 4 0 7.53183
0 7 18739823 5 0 10.1235
0 7 41019758 5 0 12.0274
0 7 40980135 5 0 13.39
0 7 17932226 5 0 10.79
0 7 17607304 5 0 13.39
0 7 204891060 5 0 32.2999
0 7 41572476 4 0 12.4188
0 7 41028648 5 0 20.0726
0 7 20092012 5 0 11.4594
0 7 41572479 4 0 51.7097
0 7 19556995 5 0 18.9929
0 7 18785938 4 0 16.0502
0 7 1819208 4 0 13.3343
0 7 17932008 4 0 7.97043
0 7 24581859 5 0 13.39
0 7 18998152 5 0 16.5385
0 7 18738164 4 0 18.2631
0 7 29394969 5 0 10.1108
0 7 18763952 5 0 11.8752
0 7 204854743 5 0 32.2999
0 7 41019176 4 0 16.05
0 7 17932245 5 0 13.39
0 7 19431167 4 0 11.0547
0 7 28067915 5 0 17.0197
0 7 28067917 5 0 13.39
0 7 40980149 5 0 14.1341
0 7 40980184 5 0 8.17
0 7 41563095 5 0 16.05
0 7 17932246 5 0 14.2966
0 7 28705203 5 0 16.0499
0 7 163177138 4 0 16.0583
0 7 161341645 5 0 32.301
0 7 41019279 4 0 32.3
0 8 180176293 5 0 11
0 8 202055258 5 0 13.0589
0 8 70565438 4 0 32.2952
0 8 185804700 4 0 14.8084
0 8 120763431 4 0 11.917
0 8 136512115 4 0 32.2738
0 8 120763432 4 0 16.0427
0 8 159336118 5 0 10.8019
0 8 86352363 4 0 10.7801
0 9 107799506 5 0 10.3847
0 9 18908484 5 0 21.8427
0 9 130432388 4 0 11.4265
0 9 172571363 4 0 16.0481
0 9 18908485 5 0 10.7823
0 9 122325427 4 0 8.09026
0 9 122306190 4 0 15.4375
0 9 110335607 5 0 14.625
0 9 98233992 5 0 16.0938
0 9 131117958 4 0 17.8535
0 9 19635333 5 0 13.3962
0 9 174233896 4 0 13.3887
0 9 148135894 5 0 13.3925
0 9 108487965 5 0 13.389
0 9 148135786 4 0 7.55279
0 10 45383773 4 0 13.2812
0 10 168532441 5 0 14.5
0 10 168139177 5 0 14.5
0 11 16642525 5 0 13.9079
0 11 44578149 4 0 16.0503
0 11 153525210 4 0 34.1607
0 11 101624960 5 0 33.7634
0 11 6564711 5 0 10.13
0 11 17331094 4 0 9.89867
0 11 31486373 4 0 12.3166
0 11 16642514 4 0 21.9199
0 11 20197245 5 0 12.0145
0 11 9887922 5 0 32.3093
0 11 57857172 5 0 11.4576
0 11 6840018 5 0 12.875
0 11 6046400 4 0 14.666
0 11 91532474 5 0 16.05
0 11 38688633 5 0 11.1315
0 11 57064502 5 0 19.5059
0 11 101624962 5 0 36.9009
0 11 91532541 5 0 13.9442
0 11 3999014 5 0 12.91
0 11 45971563 5 0 17.7441
0 11 20187314 5 0 14.7158
0 11 101624961 5 0 21.56
0 11 91532475 5 0 11.252
0 11 153525211 4 0 53.22
0 11 83445698 4 0 32.2936
0 11 57857496 4 0 8.17
0 11 29727656 4 0 14.5
0 11 16899779 4 0 12.91
0 11 16642513 4 0 18.8022
0 11 7429817 5 0 12.91
0 11 17002163 5 0 16.0599
0 11 17420412 4 0 13.6719
0 11 32507299 4 0 7.60699
0 12 174590543 5 0 14.5369
0 12 21371366 4 0 33.8125
0 13 154816389 5 0 9.53585
0 13 17446826 4 0 38.6484
0 14 123614275 4 0 18.288
0 14 124058619 5 0 11.6628
0 14 124058618 5 0 13.8897
0 14 93806513 5 0 10.79
0 14 93806601 5 0 12.5219
0 14 93806511 4 0 12.754
0 14 93903433 5 0 10.7916
0 15 17563735 5 0 16.625
0 15 49924016 4 0 16.1018
0 15 72502493 4 0 12.0091
0 15 85875064 5 0 14.4234
0 15 22355868 5 0 12.1397
0 15 67057342 5 0 14.5
0 15 68759502 5 0 16.7207
0 15 54951304 5 0 9.91436
0 15 135947360 4 0 8.17
0 15 49924103 4 0 10.7732
0 16 81189601 5 0 57.9802
0 16 43484656 5 0 7.65596
0 16 30711090 5 0 14.0078
0 16 60970178 4 0 17.6795
0 16 46835444 4 0 16.0471
0 16 81189608 4 0 10.79
0 16 81189609 4 0 13.39
0 16 71647426 5 0 16.4621
0 16 61670741 5 0 12.6157
0 16 46562059 5 0 13.8125
0 16 73434431 5 0 17.6875
0 16 81189589 5 0 8.17
0 16 93083372 5 0 11.4946
0 16 25646126 4 0 13.2849
0 16 93097087 4 0 10.5594
0 16 40794251 5 0 17.7898
0 16 81189684 4 0 40.5576
0 16 71393421 5 0 14.5
0 16 22827946 5 0 11.9361
0 16 79155005 4 0 21.5671
0 16 40794250 4 0 10.79
0 16 81189590 5 0 13.39
0 16 40794252 5 0 20.6366
0 17 42679563 4 0 15.756
0 17 8041936 5 0 16.0512
0 17 39874009 5 0 14.5
0 17 76570664 5 0 9.776
0 17 74848337 5 0 10.9215
0 17 142535542 4 0 14.5
0 17 42679562 4 0 10.79
0 18 51479864 4 0 17.75
0 18 69639748 5 0 17.5
0 18 101276231 4 0 17.6711
0 18 94008528 5 0 20.7502
0 18 95532117 4 0 8.17
0 18 122345654 4 0 10.13
0 19 75272483 4 0 34.7413
0 19 21794753 5 0 19.5397
0 19 38119823 5 0 15.5469
0 19 21794750 4 0 14.8441
0 19 75756838 4 0 12.6875
0 19 44639356 5 0 12.3594
0 19 55516580 4 0 17.8438
0 19 112195626 5 0 19.3407
0 19 112195632 5 0 16.0499
0 19 31204039 5 0 14.5
0 19 106936439 4 0 10.13
0 20 13517137 5 0 16.9831
0 20 151098943 5 0 14.5
0 20 94264576 5 0 19.0285
0 20 16392590 4 0 15.6172
0 20 17850675 5 0 32.8194
0 20 47455864 5 0 13.1875
0 20 14973214 4 0 14.7592
0 20 69757077 5 0 17.6875
0 20 17418148 5 0 17.8398
0 20 86252117 5 0 10.13
0 20 24291663 5 0 18.1621
0 20 17850676 5 0 13.39
0 20 22206068 4 0 14.5
0 20 149347584 5 0 20.9145
0 20 151763773 5 0 10.7963
0 20 14209844 5 0 10.7901
0 20 15691791 4 0 12.9827
0 20 64718637 4 0 8.62152
0 20 26570189 5 0 8.17
0 20 16387949 4 0 10.7901
0 20 16544301 4 0 8.56519
0 20 94264573 5 0 13.39
0 20 54053609 5 0 13.3785
0 21 94278006 5 0 20.5386
0 21 80623273 4 0 20.0018
0 21 80721592 5 0 10.505
0 21 80725924 4 0 70.0002
0 21 17416169 5 0 13.4283
0 21 80824445 5 0 52.0338
0 21 80729201 5 0 12.7305
0 21 80698514 4 0 15.3564
0 21 79435622 5 0 17.1783
0 21 80721406 5 0 12.0603
0 21 80698520 5 0 12.91
0 21 80813752 4 0 7.62938
0 21 80729200 5 0 13.39
0 21 80817681 4 0 14.273
0 21 80849710 4 0 13.2729
0 21 80740599 4 0 10.3974
0 21 80817682 4 0 22.4667
0 21 80823122 5 0 8.06558
0 21 80815054 4 0 12.0011
0 21 80849774 4 0 28.0287
0 21 80694867 5 0 10.154
0 21 80849775 4 0 8.17
0 22 73813640 4 0 9.2322
0 22 73813564 5 0 13.3833
0 23 136373918 4 0 13.9755
0 23 101186826 5 0 10.8103
0 23 90439654 5 0 12.1272
0 23 55506496 5 0 13.5625
0 24 32065803 5 0 38.1875
0 24 67235409 4 0 17.5156
0 24 68590625 4 0 11.2969
0 24 33771133 4 0 11.414
0 24 131782219 4 0 21.56
0 24 35321982 5 0 16.9062
0 24 132953434 5 0 14.5
0 24 154621667 5 0 13.3902
0 24 119857876 5 0 12.9375
0 24 119535264 4 0 20.5
0 24 33779462 4 0 12.91
0 24 52362846 5 0 14.5
0 25 118702729 5 0 16.3125
0 25 89698044 4 0 20.5312
0 25 4633003 5 0 15.0625
0 25 129502409 5 0 15.7571
0 25 5193936 4 0 11.3232
0 25 121594167 5 0 14.5427
0 25 101799572 5 0 11.562
0 25 61809111 4 0 26.8217
0 25 121594124 4 0 16.0204
0 25 5297529 5 0 13.3939
0 26 70748976 4 0 10.793
0 26 128472680 5 0 13.859
0 26 107351916 5 0 14.5
0 26 35985797 5 0 11.3125
0 26 55477053 4 0 13.3852
0 27 102539795 4 0 14.5
0 27 99963590 4 0 22.5625
0 28 103692170 5 0 14.2441
0 28 11844947 5 0 12.91
0 28 91211771 4 0 14.1114
0 28 11844879 5 0 12.4624
0 28 91211886 5 0 13.39
0 28 59329547 4 0 18.25
0 28 112380 5 0 12.383
0 28 11778470 5 0 11.3457
0 28 11844883 4 0 13.8372
0 28 112287 5 0 10.817
0 28 103686878 5 0 10.751
0 28 112295 4 0 10.79
0 28 11821528 4 0 11.179
0 29 102906235 4 0 10.7718
0 29 102740777 4 0 10.9189
0 29 89115221 5 0 13.3902
0 29 96854389 4 0 16.6615
0 29 37180985 5 0 33.4375
0 29 102824403 4 0 11.006
0 29 67996131 4 0 20.9375
0 29 68638544 5 0 10.7875
0 30 89619340 5 0 16.2448
0 30 71933651 4 0 14.3086
0 30 15993615 4 0 38.2188
0 30 15738341 5 0 9.18681
0 30 88202566 4 0 16.8551
0 30 71933654 4 0 49.56
0 30 27635310 5 0 10.6178
0 30 71933645 5 0 13.6245
0 30 71933655 4 0 15.2765
0 30 16362178 4 0 13.403
0 31 103319100 4 0 24.029
0 31 96296940 5 0 12.7109
0 33 70266517 4 0 42.35
0 33 70266496 4 0 11.5375
0 33 34034904 4 0 40.8418
0 33 69563808 5 0 12.3765
0 33 70266503 4 0 10.8043
0 33 19830040 4 0 10.7929
0 33 57140257 4 0 14.5
0 33 70266498 5 0 18.3754
0 33 70266495 4 0 29.44
0 33 60080608 4 0 14.5
0 33 70266518 5 0 14.1182
0 33 34814160 4 0 13.3964
0 33 34034905 4 0 10.7832
0 33 57486493 5 0 9.19603
0 33 48128041 4 0 14.5
0 34 27218595 5 0 18.4375
0 34 67883626 4 0 15.5538
0 34 78063151 4 0 9.07282
0 34 78040915 5 0 15.5189
0 34 78040823 5 0 10.79
0 34 78040747 5 0 10.8915
0 34 78040911 5 0 16.8219
0 34 59550669 5 0 14.5
0 34 74013707 5 0 14.5
0 34 4994779 5 0 18.6875
0 34 78040657 4 0 11.1377
0 34 78045106 4 0 13.39
0 34 78040659 4 0 10.631
0 34 78040663 5 0 10.13
0 34 78040660 4 0 32.3
0 35 8108297 5 0 23.1748
0 35 33036103 4 0 18.3898
0 35 33928897 5 0 14.5
0 35 32173590 4 0 14.125
0 35 43967127 4 0 9.2169
0 35 31992228 4 0 16.3557
0 35 33036105 5 0 13.3914
0 35 31992403 4 0 10.4633
0 35 44092179 5 0 12.4236
0 35 31992229 4 0 13.3686
0 36 70650447 5 0 13.3883
0 36 57291558 5 0 14.0057
0 36 27101908 5 0 10.2624
0 37 64758387 5 0 9.88315
0 37 54631127 5 0 20.5664
0 37 76417899 5 0 43.5676
0 37 75454442 5 0 14.7028
0 37 75461712 4 0 22.4879
0 37 24239831 4 0 14.8288
0 37 5034366 5 0 21.3186
0 37 65339644 5 0 19.0754
0 37 65460401 4 0 29.731
0 37 65460367 5 0 15.7489
0 37 75454668 5 0 21.4667
0 37 65339623 4 0 13.39
0 37 24504929 5 0 10.0899
0 37 65339622 5 0 15.3014
0 37 76624990 4 0 17.6856
0 37 65460402 4 0 16.4991
0 37 75455156 4 0 8.66261
0 37 5034363 4 0 32.2986
0 37 42120060 4 0 10.7919
0 38 1697885 4 0 16.0371
0 40 3279689 4 0 39.7656
0 40 45878240 5 0 10.8036
0 41 44593643 5 0 12.32
0 41 45924113 4 0 10.13
0 41 45924112 4 0 10.79
0 41 45924117 4 0 12.2869
0 41 45924115 4 0 10.79
0 42 6782111 5 0 30.55
0 42 39039026 4 0 18
0 42 24051653 5 0 17.298
0 42 24051654 5 0 16.0634
0 42 827755 5 0 32.3128
0 42 27684789 5 0 8.15232
0 42 34582084 4 0 19
0 42 8833821 4 0 15.837
0 42 8833822 4 0 16.0431
0 43 22235524 4 0 14.5
0 43 30160713 4 0 18.125
0 43 36138449 4 0 14.5
0 44 36875183 4 0 42.143
0 44 36875186 5 0 12.91
0 45 31070895 4 0 16.05
0 45 45819130 4 0 9.93507
0 46 141157494 4 0 25.9208
0 46 5735368 4 0 59.6924
0 46 141157401 4 0 16.3449
0 46 212208132 5 0 15.6136
0 46 151226943 5 0 13.8359
0 46 136546461 4 0 37.0356
0 46 106845694 5 0 16.1875
0 46 231284827 4 0 18
0 46 88474230 4 0 32.3008
0 46 128247753 4 0 32.2968
0 46 214055681 5 0 54.5303
0 46 102564055 5 0 10.7892
0 46 21460875 5 0 11
0 46 63582177 4 0 34.0921
0 46 5735372 5 0 15.8319
0 46 5735365 4 0 13.8288
0 46 86901659 4 0 16.627
0 46 88289658 5 0 12.91
0 46 102564107 5 0 27.89
0 46 150282968 4 0 20.3438
0 46 102564450 5 0 10.7733
0 46 224536404 5 0 10.551
0 46 77517008 5 0 17.2578
0 46 128247752 4 0 13.5795
0 46 136546456 5 0 11.7963
0 46 214055682 5 0 18.604
0 46 148612822 4 0 12.4375
0 46 135144074 5 0 9.95232
0 46 9822094 4 0 11.1406
0 46 46932152 5 0 13.7188
0 46 153183039 5 0 12.25
0 46 112143469 5 0 13.3776
0 46 212208130 5 0 16.0503
0 46 204713494 4 0 13.8125
0 46 150995356 5 0 9.59124
0 46 193218818 5 0 19.625
0 46 212208131 5 0 10.79
0 46 149745216 5 0 14.5
0 46 136546455 5 0 13.39
0 46 91654502 5 0 10.3478
0 46 254958135 5 0 12.91
0 47 117509384 4 0 17.958
0 47 182114153 4 0 26.0768
0 47 102919824 4 0 26.4458
0 47 117828772 4 0 13.2646
0 47 103827371 4 0 38.4561
0 47 26563363 4 0 12.2605
0 47 117509299 5 0 15.0949
0 47 116701107 4 0 17.3138
0 47 154909787 5 0 37.9931
0 47 117509388 5 0 12.9759
0 47 117828773 4 0 18.6748
0 47 117828774 4 0 31.9263
0 47 78936351 4 0 14.5
0 47 181953316 5 0 26.9616
0 47 118116940 5 0 16.0498
0 47 131055696 4 0 32.5527
0 47 116701038 5 0 14.2642
0 47 233282871 5 0 8.48409
0 47 130367319 5 0 50.368
0 47 119060839 5 0 10.13
0 47 154895284 5 0 11.2261
0 47 123846197 5 0 9.93967
0 47 154909785 5 0 30.55
0 47 119060843 4 0 39.5215
0 47 233282784 4 0 32.3036
0 47 27269554 5 0 18.9319
0 47 131055699 4 0 12.91
0 47 26563365 5 0 15.5801
0 47 116633949 5 0 10.79
0 47 117509296 5 0 15.0975
0 47 144926937 5 0 8.74332
0 47 119113204 4 0 10.79
0 47 131386417 5 0 11.857
0 47 145639580 4 0 10.7793
0 47 142550658 4 0 8.17
0 47 119060842 4 0 10.79
0 47 119135968 4 0 18.8926
0 47 117312594 4 0 8.72762
0 47 154909780 4 0 14.5
0 47 130645878 4 0 10.7895
0 48 89979326 5 0 14.375
0 48 55290408 5 0 15.2188
0 48 190563998 4 0 36.5031
0 48 89089980 5 0 14.5
0 48 190563989 4 0 10.8006
0 48 89089986 5 0 14.7881
0 48 171378798 4 0 10.2749
0 48 215072809 5 0 11.5312
0 48 191449051 4 0 12.8125
0 48 190564190 5 0 13.07
0 48 167443586 4 0 10.7997
0 48 72166807 4 0 12.9182
0 48 186215518 4 0 11.3125
0 48 169730886 4 0 16.0197
0 48 165331920 5 0 28.9598
0 48 163933351 5 0 12.91
0 48 165332001 4 0 10.3488
0 48 222323396 5 0 16.0594
0 48 221109944 5 0 9.59381
0 48 191133863 4 0 10.7801
0 48 20144738 5 0 13.3609
0 48 77283252 4 0 8.38362
0 49 179535902 5 0 16.05
0 49 179690550 4 0 17.3815
0 49 175876483 4 0 32.3516
0 49 178717384 5 0 13.8411
0 49 179658658 5 0 17.2902
0 49 179535903 5 0 12.2936
0 49 174767530 5 0 20.4775
0 49 175876493 4 0 13.5802
0 49 179658564 4 0 10.9885
0 49 174545716 5 0 13.5428
0 49 67792241 4 0 10.3477
0 49 179506404 5 0 42.9937
0 49 4485080 5 0 31.0347
0 49 175195620 5 0 11.2894
0 49 179690429 5 0 33.2057
0 49 175355299 5 0 42.39
0 49 179506395 4 0 8.17
0 49 174545725 4 0 18.1924
0 49 179700488 4 0 15.1365
0 49 179659302 5 0 13.1197
0 49 179659300 5 0 17.6708
0 49 149243510 5 0 14.5
0 49 175197065 4 0 30.5501
0 49 179658562 4 0 12.688
0 49 178717328 5 0 14.3496
0 49 179535901 4 0 14.5
0 49 177308639 4 0 14.9038
0 49 176037507 5 0 12.8549
0 49 179536078 4 0 13.8642
0 49 179535900 4 0 14.8232
0 49 179535901 5 0 18.3822
0 49 20914657 5 0 17.5
0 49 18090953 5 0 9.92773
0 49 179690468 5 0 8.37712
0 49 149482167 5 0 18.0625
0 49 238383266 4 0 19.7188
0 49 177308721 5 0 10.79
0 49 174534318 5 0 12.2375
0 49 119440961 5 0 16.5
0 49 174545554 5 0 10.79
0 49 174545708 4 0 15.1431
0 49 179672583 5 0 17.0038
0 49 179659298 4 0 10.79
0 49 175876486 5 0 10.13
0 49 179535900 5 0 45.69
0 49 74234352 5 0 11.4375
0 49 179373966 5 0 7.88087
0 49 146065532 4 0 10.32
0 49 240970678 4 0 16.0453
0 49 175876485 5 0 13.3901
0 50 77405246 5 0 19.5775
0 50 114086771 4 0 9.49093
0 50 43010314 5 0 14.5
0 50 71335841 4 0 14.5
0 50 114060079 5 0 29.4219
0 50 37488353 4 0 8.43834
0 50 57876262 4 0 12.4531
0 50 70001301 4 0 11.6046
0 50 153127571 5 0 10.7859
0 50 70001431 4 0 9.53897
0 50 57133589 4 0 13.1113
0 50 153127490 4 0 13.39
0 50 70001309 5 0 12.91
0 50 70027542 5 0 9.84016
0 50 70001370 4 0 24.2613
0 50 151725142 4 0 19.102
0 50 70001308 4 0 8.17
0 50 150685437 4 0 14.5
0 50 85437319 4 0 32.8125
0 50 28915126 5 0 10.7918
0 50 70001311 5 0 16.0509
0 51 163219451 5 0 13.0195
0 51 154142104 5 0 18.6221
0 51 164707660 5 0 18.0215
0 51 185890619 4 0 14.5112
0 51 21045933 5 0 14.8599
0 51 21045936 5 0 12.2498
0 51 177252432 5 0 28.2308
0 51 155115213 5 0 18.3062
0 51 21045948 5 0 14.2647
0 51 178612790 4 0 17.3688
0 51 167545237 4 0 11.3786
0 51 178612793 5 0 16.0499
0 51 154203330 5 0 32.3
0 51 177252428 4 0 10.79
0 51 154631445 5 0 10.0463
0 51 166536099 4 0 14.5
0 51 185098594 5 0 16.5593
0 51 27622103 5 0 19.1875
0 51 134317629 5 0 14.7812
0 51 156299653 5 0 12.91
0 51 154203247 5 0 20.2969
0 51 132629265 5 0 17.4375
0 51 166821599 5 0 22.7229
0 51 21045854 4 0 14.4317
0 51 154648468 4 0 10.9399
0 51 55175888 4 0 14.5
0 51 23314153 5 0 11.1875
0 51 79222918 5 0 16.0493
0 51 163268502 4 0 14.5
0 51 11705183 5 0 16.5312
0 51 167820834 5 0 8.8987
0 51 176456053 4 0 14.5
0 52 106303174 4 0 10.8036
0 52 90578511 4 0 16.0375
0 52 118360152 5 0 24.268
0 52 90578503 5 0 13.7125
0 52 115447951 5 0 16.7812
0 52 118447509 4 0 32.2991
0 52 16157205 5 0 15.3438
0 53 36637583 5 0 17.9766
0 53 37291324 4 0 34.9595
0 53 144341850 5 0 18.96
0 53 37774903 5 0 15.5469
0 53 125854422 5 0 14.2797
0 53 129038456 4 0 16.5484
0 53 124937234 4 0 14.9576
0 53 124571478 4 0 9.22715
0 53 177773872 4 0 14.4688
0 53 125331443 5 0 12.1719
0 53 52327428 5 0 12.3458
0 53 35941782 4 0 32.2998
0 53 154363597 4 0 19.3125
0 53 125057563 4 0 12.0585
0 53 124836530 5 0 9.9892
0 53 132445201 5 0 18.1382
0 53 55694249 4 0 20
0 53 132636141 5 0 16.4272
0 53 124261253 4 0 14.6053
0 53 35929265 5 0 15.2596
0 53 36660049 4 0 8.17
0 53 85447254 5 0 9.48689
0 53 35929175 5 0 13.8777
0 53 124334433 4 0 10.0982
0 53 122656755 4 0 14.3617
0 53 36637582 5 0 14.7104
0 53 162106272 5 0 29.4437
0 53 125855786 5 0 12.5146
0 53 35929267 5 0 14.6254
0 53 125331410 5 0 13.6079
0 53 127953888 4 0 17.5605
0 53 130407476 5 0 10.0205
0 53 145677980 5 0 12.4081
0 53 124375256 4 0 55.4379
0 53 126628833 4 0 16.0337
0 53 123024064 5 0 18.2585
0 53 123626935 5 0 10.13
0 53 125057821 4 0 12.4418
0 53 111768800 4 0 8.99455
0 53 38556807 4 0 10.13
0 53 125854427 4 0 10.8379
0 53 23683623 4 0 10.79
0 53 108670604 4 0 14.5
0 53 126630143 5 0 32.3002
0 53 126630144 5 0 16.2238
0 53 124375252 5 0 17.1747
0 53 111019023 5 0 16.2762
0 53 23614653 4 0 14.2187
0 53 132104258 5 0 13.2331
0 53 125855783 4 0 17.0416
0 53 128051785 4 0 14.9282
0 53 125855808 5 0 11.3932
0 53 123561633 4 0 9.49459
0 53 25685973 4 0 10.13
0 53 38218697 5 0 8.84017
0 53 125293234 4 0 11.7722
0 53 124939020 5 0 13.0194
0 53 125281793 5 0 12.8429
0 53 25688291 5 0 14.5
0 53 35884820 4 0 16.4009
0 53 35941783 4 0 16.05
0 53 130390288 5 0 16.0501
0 53 50834460 4 0 12.0161
0 53 143872188 4 0 18.6099
0 53 29212719 4 0 12.3377
0 53 125300695 4 0 11.7006
0 53 38556804 5 0 21.58
0 53 129011119 4 0 14.3556
0 53 30245632 4 0 17.829
0 53 130412321 5 0 16.0498
0 53 42259848 4 0 19.0312
0 53 125320877 5 0 15.2418
0 53 125855787 5 0 26.78
0 53 156178230 4 0 13.4017
0 53 132445118 5 0 10.0209
0 53 124853541 5 0 10.79
0 53 193334564 5 0 8.17
0 53 128689189 5 0 23.9406
0 53 125854567 4 0 14.5
0 53 124853540 5 0 13.39
0 53 132511532 5 0 12.1246
0 53 38556800 4 0 16.0538
0 53 126628834 4 0 13.39
0 53 125965069 5 0 8.18113
0 54 40686052 4 0 11.5625
0 54 59339605 4 0 27.9331
0 54 26363655 4 0 13.3706
0 54 154048394 5 0 23.9965
0 54 198853931 5 0 16.0584
0 54 120831737 5 0 25.1471
0 54 105245645 5 0 13.909
0 54 14254542 5 0 11.0358
0 54 157589706 4 0 32.3056
0 54 30103780 4 0 14.1875
0 54 120857807 4 0 17.1406
0 54 121796712 4 0 16.0463
0 54 71889921 5 0 14.5
0 54 142612132 5 0 10.7658
0 54 157846961 5 0 14.5
0 54 146215204 5 0 7.82409
0 55 9160183 4 0 10.79
0 55 151627777 5 0 14.4741
0 55 151504502 4 0 17.3895
0 55 73534014 5 0 17.8714
0 55 161794490 5 0 11.3281
0 55 199897207 4 0 8.17
0 55 73534011 4 0 11.4982
0 55 25077589 4 0 7.99432
0 55 198939756 4 0 13.1434
0 55 9160100 4 0 11.416
0 55 198787899 4 0 10.79
0 55 187351642 4 0 22.7313
0 55 10455342 5 0 14.5
0 55 41427944 5 0 14.5
0 55 198939506 5 0 9.45801
0 55 39291261 5 0 14.6875
0 55 122737887 5 0 11.6264
0 55 10540407 4 0 8.19369
0 55 11523871 5 0 11.1211
0 55 160660380 5 0 14.5
0 55 198939747 4 0 10.79
0 55 198939752 4 0 8.17
0 55 106241399 5 0 12.0681
0 56 103934688 4 0 18.8052
0 56 18221649 5 0 10.2369
0 56 8535788 4 0 14.5
0 56 95158610 5 0 34.9673
0 56 118153687 4 0 7.90779
0 56 120426947 5 0 13.5094
0 56 176069437 5 0 21.5835
0 56 18241804 5 0 10.7944
0 56 176069436 5 0 11.5529
0 56 180102734 5 0 10.7787
0 56 800537 5 0 15.1769
0 56 518323 5 0 18.3281
0 56 16261686 4 0 14.5
0 56 19757438 4 0 14.5
0 56 777322 5 0 10.79
0 56 95158611 5 0 13.3856
0 57 4045795 4 0 16.0885
0 57 4045625 4 0 13.39
0 57 165206518 4 0 14.3737
0 57 4045709 4 0 14.8039
0 57 74587357 5 0 12.91
0 57 20189475 4 0 7.94546
0 57 116438910 5 0 14.25
0 57 8711616 5 0 9.21233
0 57 4045626 4 0 21.5493
0 57 116069748 4 0 10.13
0 58 18301103 4 0 10.3748
0 58 20049659 4 0 28.96
0 58 18861798 5 0 16.4897
0 58 18861787 5 0 27.6002
0 58 18861872 4 0 36.6294
0 58 18861871 4 0 14.1406
0 58 20049653 4 0 15.322
0 58 6200208 5 0 18.6848
0 58 129104546 5 0 12.9216
0 58 123639007 5 0 29.44
0 58 18861779 4 0 7.84246
0 58 129104544 5 0 29.4328
0 58 20049649 5 0 13.39
0 58 17610558 5 0 18.0968
0 58 20049652 4 0 10.79
0 58 172462449 5 0 8.17
0 58 18861784 4 0 10.79
0 58 150558632 5 0 10.783
0 58 123648004 5 0 14.5
0 59 79974314 5 0 13.3861
0 59 129312724 4 0 12.91
0 59 11459443 4 0 10.809
0 60 152722350 5 0 15.27
0 60 152407855 5 0 10.9395
0 60 46810887 5 0 17.4346
0 60 154428370 5 0 15.8701
0 60 46810888 5 0 23.1207
0 60 42722684 5 0 8.28065
0 60 46796264 4 0 16.5535
0 60 26194400 4 0 13.3868
0 60 163755966 5 0 11.28
0 60 46796538 5 0 14.1352
0 60 177349491 5 0 16.0505
0 60 152722355 5 0 18.4809
0 60 46810941 5 0 29.6601
0 60 152113854 4 0 14.5
0 60 165816625 5 0 13.39
0 60 47534385 5 0 15.2235
0 60 154435390 4 0 7.60766
0 60 177799982 5 0 10.8818
0 60 177796989 5 0 14.5
0 60 46796274 4 0 11.6231
0 60 176732184 4 0 17.3643
0 60 138892768 4 0 10.8274
0 60 46796393 5 0 16.308
0 60 152722343 4 0 63.6961
0 60 177757849 4 0 10.7904
0 60 46810883 5 0 14.2571
0 60 46796276 5 0 21.58
0 60 141148947 4 0 17.1553
0 60 48326532 4 0 10.13
0 60 33216947 5 0 13.1562
0 60 177334883 4 0 14.3018
0 60 154503945 4 0 11.5254
0 60 46796589 5 0 8.17
0 60 20374852 5 0 12.91
0 60 46796537 5 0 16.05
0 60 48326536 5 0 17.4017
0 60 152722344 4 0 10.79
0 60 176732187 5 0 10.79
0 60 17666628 5 0 21.8125
0 60 46796275 5 0 8.17
0 61 114076758 4 0 13.5371
0 61 53485279 4 0 13.3902
0 61 53598221 5 0 17.082
0 61 53925921 4 0 14.3379
0 61 144025781 4 0 20.4375
0 61 106931896 5 0 14.5
0 61 94811571 4 0 16.875
0 61 53263501 4 0 32.1006
0 61 65397172 4 0 8.3663
0 61 66716629 4 0 32.2998
0 61 95293764 4 0 23.7019
0 62 127067780 5 0 37.8125
0 62 1450901 5 0 8.17
0 62 75317979 4 0 11.9688
0 62 113282716 4 0 7.86304
0 62 151723876 4 0 14.5
0 62 10391622 5 0 15.4375
0 62 28162166 5 0 16.0297
0 62 28162165 5 0 15.417
0 62 28162168 4 0 16.0534
0 62 86375674 4 0 14.5156
0 62 28043241 5 0 12.91
0 62 54517852 4 0 15.375
0 62 13313267 5 0 17.1875
0 62 96697273 4 0 16.2578
0 62 113103405 4 0 14.5
0 62 110125716 4 0 14.5
0 62 142992768 4 0 10.7917
0 63 2977766 5 0 14.5
0 64 111155892 5 0 16
0 64 72968993 4 0 13.167
0 64 30483634 5 0 12
0 64 6286374 5 0 19.4802
0 64 44960618 4 0 11.25
0 64 15993956 5 0 16.125
0 64 19190170 5 0 8.69443
0 64 19998782 4 0 16.0536
0 64 30919087 4 0 8.45986
0 64 20320895 4 0 16.0536
0 65 42135124 5 0 13.3125
0 65 20878206 4 0 10.21
0 65 48254466 4 0 19.2969
0 65 145929414 5 0 21.5744
0 65 42429756 4 0 18.9375
0 66 21862621 5 0 14.5
0 66 8901843 5 0 16.3564
0 66 64715361 5 0 16.057
0 66 40400448 4 0 8.14154
0 66 7622189 5 0 15.072
0 66 104682044 5 0 49.4037
0 66 52544187 4 0 27.3405
0 66 60858239 4 0 13.6763
0 66 63236933 4 0 14.5
0 66 60857786 5 0 13.379
0 66 19662336 4 0 13.39
0 66 7622191 4 0 14.2052
0 66 92729597 5 0 8.67506
0 66 134400548 4 0 10.792
0 66 118234669 4 0 11.8732
0 66 64715360 5 0 8.17
0 66 104681942 4 0 32.2931
0 66 96401022 4 0 13.3988
0 67 108712942 5 0 13.3938
0 67 35839616 5 0 10.7801
0 67 109420662 4 0 13.2256
0 67 65473346 4 0 17.625
0 67 87708695 4 0 20.0019
0 67 100176214 5 0 16.2812
0 67 77357383 5 0 10.9375
0 67 87708694 4 0 10.79
0 67 87708672 4 0 12.91
0 67 87059991 5 0 13.3932
0 67 35839155 5 0 11.6261
0 68 75054568 4 0 14.601
0 68 75054617 5 0 30.5424
0 68 128404515 4 0 16.0482
0 68 138648982 5 0 11.2656
0 68 75054712 5 0 13.2988
0 68 127876159 4 0 11.0624
0 68 75054627 5 0 11.2736
0 68 62795299 5 0 13.0277
0 69 29753241 4 0 22.8793
0 69 62841309 5 0 12.9415
0 69 29753150 4 0 10.9199
0 69 63618931 5 0 13.4238
0 69 29010257 4 0 16.0498
0 69 62367363 5 0 9.45717
0 69 46909236 4 0 38.0625
0 69 62841307 4 0 16.0497
0 69 28261045 5 0 19.9355
0 69 29752052 4 0 10.79
0 70 116298629 5 0 20.9336
0 70 19085795 4 0 14.125
0 70 127001416 4 0 22.6992
0 70 27921421 5 0 16.9441
0 70 17681459 5 0 10.1683
0 70 19059766 4 0 7.50306
0 71 90839750 4 0 14.1912
0 71 90839797 5 0 16.5155
0 71 55926741 5 0 11.0906
0 71 90872645 5 0 21.4019
0 71 90839796 5 0 16.05
0 71 43434453 4 0 9.09164
0 71 56038 5 0 10.7952
0 71 90872643 4 0 10.8045
0 71 55926739 4 0 14.5
0 72 93511964 5 0 35.2705
0 72 123695791 4 0 31.1366
0 72 18039410 5 0 9.88956
0 72 91954593 4 0 14.3911
0 72 125245294 4 0 12.91
0 72 70976809 5 0 21.7578
0 72 17425804 5 0 16.3125
0 72 125245291 4 0 16.5889
0 72 70976808 5 0 26.8778
0 72 70976806 5 0 13.39
0 72 123695785 5 0 20.5839
0 72 104649787 4 0 20.1611
0 72 93661238 4 0 19.9404
0 72 93523053 4 0 10.4308
0 72 125220475 4 0 13.7642
0 72 93417508 5 0 33.9053
0 72 120942371 5 0 10.13
0 72 103954771 5 0 16.1851
0 72 125232567 4 0 10.7954
0 72 125232569 4 0 14.5
0 72 125387509 4 0 11.926
0 72 103996934 5 0 15.644
0 72 125473504 5 0 16.0501
0 73 75530970 4 0 22
0 73 82005825 4 0 17.75
0 73 62677701 4 0 14.5
0 73 74803521 4 0 15.0703
0 73 71308308 4 0 22.4297
0 74 1030232 5 0 14.5
0 74 89391697 5 0 12.91
0 74 68768212 5 0 9.26954
0 74 77807262 5 0 10.2068
0 74 12563810 5 0 10.393
0 75 80654585 5 0 15.6875
0 75 93297998 4 0 29.6063
0 75 39588312 5 0 14.5
0 75 93297997 4 0 12.7905
0 75 62373138 4 0 14.8962
0 75 93297997 5 0 19.3747
0 76 61907587 5 0 28.9721
0 78 77840994 4 0 14.3839
0 78 94914048 4 0 24.5685
0 78 77276433 5 0 13.2663
0 78 94926483 4 0 89.3509
0 78 93827762 4 0 46.5415
0 78 95179907 5 0 37.4045
0 78 94964047 5 0 50.4256
0 78 58925188 4 0 13.3949
0 78 92946425 4 0 36.4146
0 78 92736665 5 0 28.1241
0 78 95613697 5 0 21.441
0 78 93725717 4 0 13.3901
0 78 94830907 5 0 21.58
0 78 6267247 5 0 10.7922
0 78 93859589 5 0 16.4753
0 78 94486486 4 0 14.3994
0 78 94373483 4 0 18.5298
0 78 77840995 4 0 16.0441
0 78 94914041 5 0 10.79
0 78 93844880 5 0 24.5954
0 78 18320732 5 0 12.91
0 78 94917400 5 0 8.76734
0 78 94926500 4 0 33.5745
0 78 92179823 4 0 14.5
0 78 77484424 5 0 32.3
0 78 94964044 4 0 11.94
0 78 37826531 5 0 14.9375
0 78 94488508 5 0 10.7901
0 78 77484387 4 0 16.05
0 78 95179908 5 0 22.7075
0 78 94926511 5 0 14.3187
0 78 94964107 5 0 15.2288
0 78 94831003 4 0 7.64816
0 78 95613697 4 0 16.05
0 78 95613688 5 0 10.7899
0 78 94966810 5 0 17.9378
0 78 6267237 5 0 12.0985
0 78 95556590 5 0 10.2515
0 78 95179909 5 0 16.05
0 78 93846031 4 0 8.12299
0 79 35932569 4 0 12.7828
0 80 69880736 5 0 9.34072
0 80 71715584 5 0 14.4984
0 80 69880640 5 0 17.9693
0 80 69880637 4 0 36.2945
0 80 25712752 4 0 14.6209
0 80 69880636 4 0 12.6373
0 80 71715594 5 0 10.9717
0 80 69885547 5 0 16.05
0 81 16672165 5 0 16.4735
0 81 12021909 5 0 10.7972
0 81 181810 5 0 13.7266
0 81 18602644 4 0 15.5
0 82 54922677 5 0 15.9375
0 82 62462407 4 0 87.7269
0 82 61216239 4 0 15.875
0 82 62462496 5 0 28.9034
0 82 62462492 4 0 13.2053
0 82 62462417 4 0 10.8211
0 83 55971291 4 0 10.7898
0 83 75346945 5 0 13.1831
0 83 60486758 4 0 13.204
0 83 74688526 4 0 9.43563
0 83 665779 4 0 20.0504
0 83 70351902 4 0 16.05
0 83 75346946 5 0 23.6251
0 83 665781 5 0 16.9012
0 83 55971312 4 0 17.6823
0 83 665777 4 0 47.7665
0 83 55885578 4 0 26.7593
0 83 57692875 5 0 11.3366
0 83 70351901 4 0 23.5516
0 83 56306973 4 0 16.0499
0 83 74015121 5 0 64.6341
0 83 74077650 4 0 22.4263
0 83 59767482 5 0 11.8297
0 83 57223731 5 0 14.5
0 83 72290847 5 0 7.64291
0 83 74015122 5 0 16.2008
0 83 57692876 5 0 20.8269
0 84 13002266 4 0 8.17
0 84 13002196 4 0 11.6179
0 84 22949384 4 0 14.3645
0 84 6327502 5 0 11.375
0 85 16521238 4 0 17.6875
0 85 73159512 5 0 13.6564
0 85 18411015 4 0 18.75
0 85 45305694 4 0 14.5
0 85 33148372 5 0 12.5616
0 86 59874356 4 0 9.71328
0 86 45181967 5 0 8.4676
0 86 33668052 5 0 11.114
0 86 26228398 4 0 8.17
0 86 25784798 5 0 34.9276
0 86 25784794 5 0 16.9427
0 86 32678198 5 0 16.0498
0 86 32787793 5 0 13.8701
0 86 48533923 5 0 13.0888
0 86 26228401 5 0 27.8156
0 86 46614826 4 0 13.4917
0 86 71407326 4 0 29.9395
0 86 32787682 4 0 10.7901
0 86 39757422 5 0 19.8594
0 86 70022781 5 0 37.7656
0 86 59655099 5 0 14.4062
0 86 37179154 4 0 12.0317
0 86 33609940 5 0 10.2417
0 86 25806211 4 0 7.78845
0 86 49644424 5 0 10.566
0 86 26278987 4 0 8.17903
0 86 35534253 5 0 10.79
0 86 45259164 4 0 11.5249
0 86 37680274 5 0 7.72409
0 88 37175967 5 0 13.1363
0 88 36966595 4 0 11.2812
0 88 38168422 4 0 19.4732
0 88 23294944 5 0 19.4844
0 88 38168423 5 0 10.7901
0 88 27596435 4 0 14.5
0 88 27596437 5 0 16.0225
0 89 49673416 4 0 10.064
0 89 34499575 5 0 17.8281
0 89 29562756 4 0 14.5
0 89 29764538 4 0 12.9265
0 90 46106716 5 0 8.17
0 90 20768740 5 0 13.7812
0 90 46106715 4 0 10.79
0 91 19142849 5 0 37.2868
0 91 18505837 4 0 32.3
0 91 21422895 4 0 18.1157
0 91 18505834 4 0 16.05
0 91 18505833 4 0 10.79
0 91 20599926 4 0 30.3871
0 91 18470972 4 0 13.2676
0 91 43379420 5 0 32.3018
0 91 24051455 5 0 16.0487
0 91 18470971 4 0 18.1699
0 91 27822795 5 0 16.0514
0 91 19142740 5 0 13.39
0 91 10259081 4 0 12.459
0 91 15789713 4 0 10.79
0 91 15789661 5 0 10.7901
0 91 17764470 5 0 16.1304
0 91 19115844 4 0 12.9563
0 91 21433675 5 0 7.60816
0 91 7194482 4 0 34.6291
0 91 18505768 5 0 16.05
0 91 21957372 4 0 25.8467
0 91 21133266 4 0 25.1844
0 91 19142766 4 0 25.29
0 91 21309341 5 0 10.13
0 91 21422828 5 0 15.5264
0 91 7131275 4 0 12.2524
0 91 27822717 4 0 13.7773
0 91 18470989 4 0 15.0969
0 91 24051370 5 0 10.9166
0 91 10311183 4 0 16.0905
0 91 20534814 5 0 21.347
0 91 42468074 5 0 8.1592
0 91 21050248 4 0 14.6692
0 91 21804587 4 0 16.2915
0 91 21142157 4 0 13.1956
0 91 22278921 5 0 11.7063
0 91 21133159 4 0 22.6924
0 91 18505835 4 0 14.5
0 91 21133268 4 0 38.5189
0 91 42843442 4 0 18.1875
0 91 7194481 4 0 16.711
0 91 19115748 5 0 13.3899
0 91 18470985 4 0 14.113
0 91 25429885 5 0 10.4565
0 91 19115752 4 0 21.0796
0 91 21133392 5 0 13.3899
0 91 21133387 4 0 10.13
1 0 59778730 4 1 1
1 0 8616406 5 1 1
1 0 243017181 5 1 1
1 0 184087720 4 1 1
1 0 102082399 5 1 1
1 0 25267015 4 1 1
1 0 168810706 4 1 1
1 1 154280647 5 1 1
1 1 80107862 4 1 1
1 1 80216138 4 1 1
1 1 75524962 5 1 1
1 1 55593768 5 1 1
1 1 146842886 4 1 1
1 1 69702991 5 1 1
1 1 158785223 5 1 1
1 1 99778812 4 1 1
1 1 69004728 5 1 1
1 1 79953575 5 1 1
1 1 80278828 5 1 1
1 1 80040364 4 1 1
1 1 158785242 4 1 1
1 1 170054486 5 1 1
1 1 69650704 5 1 1
1 1 202606188 5 1 1
1 1 205227586 5 1 1
1 1 99485371 5 1 1
1 1 202672502 4 1 1
1 1 85733626 4 1 1
1 1 251037947 4 1 1
1 1 79596272 4 1 1
1 1 48524971 5 1 1
1 2 42156250 4 1 1
1 2 39993042 4 1 1
1 2 170201720 5 1 1
1 2 69215562 5 1 1
1 2 52294172 5 1 1
1 2 52403617 5 1 1
1 2 178556914 4 1 1
1 2 201629774 5 1 1
1 2 148102524 4 1 1
1 2 214867157 5 1 1
1 2 83026002 5 1 1
1 2 55814669 4 1 1
1 2 39981922 5 1 1
1 2 231741988 4 1 1
1 2 51913622 4 1 1
1 2 52294186 5 1 1
1 2 52478627 4 1 1
1 2 189986595 4 1 1
1 2 51913715 4 1 1
1 2 39981859 5 1 1
1 2 52875393 4 1 1
1 3 234480134 5 1 1
1 3 130901468 5 1 1
1 3 252564619 5 1 1
1 3 200235791 5 1 1
1 3 239947541 5 1 1
1 3 184886836 4 1 1
1 3 197219671 5 1 1
1 3 184894596 4 1 1
1 3 180448999 4 1 1
1 3 234179795 5 1 1
1 3 199489145 4 1 1
1 3 85333607 5 1 1
1 3 180291568 5 1 1
1 3 158630119 4 1 1
1 3 180291646 5 1 1
1 3 192230561 5 1 1
1 3 184431014 5 1 1
1 3 182181443 5 1 1
1 3 192180424 5 1 1
1 3 184886759 4 1 1
1 4 128412678 4 1 1
1 4 71347512 5 1 1
1 4 73744486 5 1 1
1 4 184883829 5 1 1
1 4 184883876 4 1 1
1 4 6578589 4 1 1
1 4 113932477 4 1 1
1 4 162796466 5 1 1
1 4 73744738 5 1 1
1 4 6802997 4 1 1
1 4 186092488 4 1 1
1 4 200748578 5 1 1
1 4 202451296 4 1 1
1 4 73744758 5 1 1
1 4 176831711 5 1 1
1 5 138317989 5 1 1
1 5 163150166 5 1 1
1 5 49974947 5 1 1
1 5 188624750 5 1 1
1 5 67231755 4 1 1
1 5 19475547 4 1 1
1 6 170618119 5 1 1
1 6 77438089 4 1 1
1 6 85601803 5 1 1
1 6 77309878 4 1 1
1 6 255195 4 1 1
1 7 18124814 5 1 1
1 7 17256172 4 1 1
1 7 1763524 4 1 1
1 7 180224324 4 1 1
1 7 17932304 4 1 1
1 7 20839358 5 1 1
1 7 8760844 4 1 1
1 7 17932133 5 1 1
1 7 18119433 5 1 1
1 7 19393826 5 1 1
1 7 20148186 5 1 1
1 7 18747005 5 1 1
1 7 15437865 4 1 1
1 7 20145501 4 1 1
1 7 40980132 4 1 1
1 7 18598680 5 1 1
1 7 40980201 5 1 1
1 7 41019237 4 1 1
1 7 19276119 5 1 1
1 7 1757468 4 1 1
1 7 20013853 4 1 1
1 7 27476356 4 1 1
1 7 20148482 5 1 1
1 7 18763460 4 1 1
1 7 41563300 5 1 1
1 7 41572497 4 1 1
1 7 1969474 5 1 1
1 7 24581898 4 1 1
1 7 2322756 5 1 1
1 7 18737835 5 1 1
1 7 20148543 4 1 1
1 7 18998151 4 1 1
1 7 20089049 5 1 1
1 7 18739726 4 1 1
1 7 28077144 4 1 1
1 7 41505619 5 1 1
1 7 15437792 5 1 1
1 7 7978556 5 1 1
1 7 15378952 4 1 1
1 7 20376791 4 1 1
1 7 18124727 5 1 1
1 7 15765216 5 1 1
1 7 28705197 5 1 1
1 8 146465675 4 1 1
1 8 185804644 5 1 1
1 8 201230884 4 1 1
1 8 114947420 5 1 1
1 8 190034269 5 1 1
1 8 204562060 4 1 1
1 8 136512105 5 1 1
1 9 131118103 4 1 1
1 9 7720587 4 1 1
1 9 18367931 4 1 1
1 9 20452283 4 1 1
1 9 143486868 5 1 1
1 9 131118098 5 1 1
1 9 131117967 4 1 1
1 10 39337650 4 1 1
1 11 18031509 4 1 1
1 11 69804245 4 1 1
1 11 93674266 5 1 1
1 11 91532474 5 1 1
1 11 91532391 5 1 1
1 11 45609599 5 1 1
1 11 45653054 5 1 1
1 11 17420388 5 1 1
1 11 9887920 4 1 1
1 11 16600409 5 1 1
1 11 157559693 5 1 1
1 11 17595432 5 1 1
1 11 6654458 4 1 1
1 12 54756673 4 1 1
1 13 131096267 5 1 1
1 13 176052541 4 1 1
1 14 109669935 5 1 1
1 14 93903338 4 1 1
1 14 94114044 4 1 1
1 14 17506239 4 1 1
1 15 71119390 5 1 1
1 15 72502386 4 1 1
1 15 72502152 4 1 1
1 15 85876014 5 1 1
1 16 46482725 4 1 1
1 16 103034615 5 1 1
1 16 36143818 5 1 1
1 16 70205125 4 1 1
1 16 79341486 5 1 1
1 16 71448057 4 1 1
1 16 70205196 4 1 1
1 16 80251449 5 1 1
1 16 51213503 4 1 1
1 17 8041327 5 1 1
1 18 96839509 4 1 1
1 19 75272550 5 1 1
1 19 62765577 5 1 1
1 19 63328450 5 1 1
1 20 151098940 4 1 1
1 20 24761642 5 1 1
1 20 17009406 4 1 1
1 20 15683439 5 1 1
1 20 26570190 4 1 1
1 20 17009435 4 1 1
1 20 41610283 5 1 1
1 20 14209250 5 1 1
1 20 16542269 5 1 1
1 21 80725571 5 1 1
1 21 80729529 4 1 1
1 21 147669168 5 1 1
1 21 80740243 5 1 1
1 21 80624261 4 1 1
1 21 80850019 4 1 1
1 21 80824562 5 1 1
1 21 80817846 5 1 1
1 21 92925761 4 1 1
1 21 80716497 4 1 1
1 21 80817612 4 1 1
1 21 80725566 4 1 1
1 21 80623305 4 1 1
1 21 4087146 5 1 1
1 21 80721596 5 1 1
1 21 80849715 4 1 1
1 21 80725644 4 1 1
1 21 79435673 4 1 1
1 21 94277927 5 1 1
1 21 80721601 5 1 1
1 21 94278419 4 1 1
1 22 72865947 5 1 1
1 22 6736928 4 1 1
1 22 72862748 5 1 1
1 22 27656936 5 1 1
1 24 32707130 5 1 1
1 24 32065800 5 1 1
1 24 130414287 5 1 1
1 24 67235404 5 1 1
1 25 79188367 4 1 1
1 25 61809049 4 1 1
1 25 121594165 5 1 1
1 25 121594183 5 1 1
1 25 5312370 4 1 1
1 25 61809041 4 1 1
1 25 118517782 4 1 1
1 25 89698051 5 1 1
1 26 70099555 5 1 1
1 26 75226831 5 1 1
1 26 15383861 4 1 1
1 26 71277519 4 1 1
1 26 67297665 5 1 1
1 26 57749504 4 1 1
1 27 65068632 5 1 1
1 27 99764033 5 1 1
1 28 112273 5 1 1
1 28 340793 4 1 1
1 28 11844748 5 1 1
1 28 115893 4 1 1
1 28 11821541 4 1 1
1 29 1190823 4 1 1
1 29 13180711 5 1 1
1 29 77029176 4 1 1
1 29 101972160 4 1 1
1 30 15944985 4 1 1
1 30 1933424 4 1 1
1 30 88860769 5 1 1
1 30 89619470 5 1 1
1 30 71912279 4 1 1
1 30 88922461 5 1 1
1 31 90608121 5 1 1
1 32 65848094 4 1 1
1 33 20596323 5 1 1
1 33 33322756 4 1 1
1 33 71367238 4 1 1
1 34 55401135 5 1 1
1 34 78040808 5 1 1
1 35 57784373 4 1 1
1 35 43967061 5 1 1
1 35 32561431 5 1 1
1 36 57291639 4 1 1
1 36 28881312 4 1 1
1 36 27105529 5 1 1
1 37 75457130 4 1 1
1 37 76084004 4 1 1
1 37 42108305 5 1 1
1 37 65339527 4 1 1
1 37 76417905 5 1 1
1 37 76298537 5 1 1
1 37 65460064 5 1 1
1 37 64761508 4 1 1
1 37 65339556 5 1 1
1 37 5034444 5 1 1
1 37 66310701 5 1 1
1 37 77431054 5 1 1
1 40 45867908 5 1 1
1 42 5913812 5 1 1
1 42 807262 4 1 1
1 42 807339 5 1 1
1 42 827898 5 1 1
1 42 52260011 5 1 1
1 42 4021325 5 1 1
1 43 30161154 4 1 1
1 46 136546452 5 1 1
1 46 151227021 5 1 1
1 46 108465979 4 1 1
1 46 150995422 5 1 1
1 46 51038261 5 1 1
1 46 77516940 5 1 1
1 46 136546334 5 1 1
1 46 35392172 4 1 1
1 46 88474319 5 1 1
1 46 195751148 5 1 1
1 46 88474229 4 1 1
1 46 102564055 4 1 1
1 46 119260620 5 1 1
1 46 203058764 4 1 1
1 46 141157475 4 1 1
1 46 133849013 4 1 1
1 46 154291930 5 1 1
1 46 34492386 4 1 1
1 46 214697937 5 1 1
1 46 205982148 5 1 1
1 46 104866865 4 1 1
1 46 193218733 4 1 1
1 46 16321752 4 1 1
1 46 214055576 5 1 1
1 46 88297034 5 1 1
1 47 116989727 4 1 1
1 47 126700919 4 1 1
1 47 102919871 5 1 1
1 47 220756978 5 1 1
1 47 116701101 4 1 1
1 47 116701196 5 1 1
1 47 102919691 4 1 1
1 47 117828716 5 1 1
1 47 117509400 4 1 1
1 47 119078261 4 1 1
1 47 220391298 4 1 1
1 47 214737062 5 1 1
1 47 102924210 5 1 1
1 47 102781314 5 1 1
1 47 154884876 5 1 1
1 47 131055733 4 1 1
1 47 154910218 5 1 1
1 47 131055689 5 1 1
1 47 119060756 5 1 1
1 48 122794489 5 1 1
1 48 213894148 5 1 1
1 48 20143070 5 1 1
1 48 166159826 5 1 1
1 48 177474280 4 1 1
1 48 177474225 5 1 1
1 48 54478126 4 1 1
1 48 98901841 5 1 1
1 48 77743451 5 1 1
1 49 90525337 4 1 1
1 49 90520494 4 1 1
1 49 176743129 5 1 1
1 49 70328482 5 1 1
1 49 179535998 5 1 1
1 49 112649197 4 1 1
1 49 192828265 5 1 1
1 49 175873081 5 1 1
1 49 36855343 5 1 1
1 49 177302051 5 1 1
1 49 237666118 5 1 1
1 49 179415016 4 1 1
1 49 179504431 4 1 1
1 49 192828304 4 1 1
1 49 177308778 4 1 1
1 49 67755955 5 1 1
1 49 177308698 4 1 1
1 49 149482242 4 1 1
1 49 174534316 5 1 1
1 49 179535844 5 1 1
1 49 175282080 4 1 1
1 49 179672526 4 1 1
1 49 177308773 4 1 1
1 49 175191356 5 1 1
1 49 176037560 4 1 1
1 49 174873714 4 1 1
1 49 179658567 5 1 1
1 49 178717327 4 1 1
1 49 179690427 4 1 1
1 49 179690541 4 1 1
1 49 179650480 4 1 1
1 49 179504544 4 1 1
1 49 179659306 5 1 1
1 49 179658959 4 1 1
1 50 70215911 4 1 1
1 50 59178660 5 1 1
1 50 57079694 5 1 1
1 50 77405179 4 1 1
1 50 70001293 5 1 1
1 50 70772311 4 1 1
1 50 84997996 5 1 1
1 50 26230760 4 1 1
1 50 98606462 5 1 1
1 50 99072624 4 1 1
1 50 69350858 5 1 1
1 50 69930546 5 1 1
1 51 122550459 4 1 1
1 51 154631485 4 1 1
1 51 126108137 4 1 1
1 51 177229634 4 1 1
1 51 178604053 4 1 1
1 51 154825324 4 1 1
1 51 154825269 4 1 1
1 51 185688877 4 1 1
1 51 21045859 4 1 1
1 51 18851767 5 1 1
1 51 175095811 4 1 1
1 51 185895407 5 1 1
1 51 177229565 4 1 1
1 51 186038506 4 1 1
1 51 154290465 5 1 1
1 51 134133805 5 1 1
1 51 166536201 4 1 1
1 51 21045930 4 1 1
1 51 21045929 4 1 1
1 51 81131301 4 1 1
1 51 21045941 5 1 1
1 51 166003833 5 1 1
1 51 6604900 4 1 1
1 51 166813480 5 1 1
1 51 78798794 5 1 1
1 51 154241587 5 1 1
1 51 19798173 4 1 1
1 51 79222914 4 1 1
1 52 102950279 5 1 1
1 52 205330856 5 1 1
1 52 19416970 4 1 1
1 52 90578522 5 1 1
1 52 19389716 4 1 1
1 52 153459155 5 1 1
1 53 130390359 5 1 1
1 53 121700198 4 1 1
1 53 30423188 5 1 1
1 53 111766352 4 1 1
1 53 127397626 5 1 1
1 53 121107398 4 1 1
1 53 125848901 4 1 1
1 53 111781248 5 1 1
1 53 137082744 5 1 1
1 53 125300607 5 1 1
1 53 125331574 4 1 1
1 53 50834531 5 1 1
1 53 132301130 5 1 1
1 53 111032125 4 1 1
1 53 38218707 5 1 1
1 53 86145334 5 1 1
1 53 23009702 4 1 1
1 53 111769916 5 1 1
1 53 121061583 4 1 1
1 53 145678134 5 1 1
1 53 128051789 5 1 1
1 53 123779866 4 1 1
1 53 125331731 4 1 1
1 53 30245715 5 1 1
1 53 111019031 5 1 1
1 53 126628853 4 1 1
1 53 35929242 4 1 1
1 53 129011182 4 1 1
1 53 131044799 4 1 1
1 53 35953153 4 1 1
1 53 35884808 4 1 1
1 53 129611099 5 1 1
1 53 121061304 5 1 1
1 53 128980192 5 1 1
1 53 125228978 4 1 1
1 53 124260969 5 1 1
1 53 125230138 4 1 1
1 53 131075769 4 1 1
1 53 111076768 4 1 1
1 53 125286835 4 1 1
1 53 124536665 5 1 1
1 53 130412180 4 1 1
1 53 55693914 5 1 1
1 53 131075429 4 1 1
1 53 137083007 5 1 1
1 53 125850381 4 1 1
1 53 124939014 4 1 1
1 54 59339597 4 1 1
1 54 168320660 5 1 1
1 54 30725880 5 1 1
1 54 50302732 5 1 1
1 55 5035397 4 1 1
1 55 10903910 4 1 1
1 55 199897195 4 1 1
1 55 6280449 5 1 1
1 55 105726195 4 1 1
1 55 84399135 4 1 1
1 55 205272296 4 1 1
1 55 73511356 4 1 1
1 55 199897289 4 1 1
1 55 73534011 4 1 1
1 55 151627780 5 1 1
1 55 73533921 5 1 1
1 55 198668940 4 1 1
1 55 84399212 4 1 1
1 55 106241474 4 1 1
1 55 10455539 4 1 1
1 55 198914963 4 1 1
1 56 17356723 4 1 1
1 56 118153686 5 1 1
1 56 13087667 5 1 1
1 56 102233249 5 1 1
1 56 164027072 5 1 1
1 56 176037642 5 1 1
1 56 125268945 5 1 1
1 56 18241801 5 1 1
1 56 110344395 5 1 1
1 56 94465186 4 1 1
1 56 89735756 5 1 1
1 56 1267984 4 1 1
1 56 16230247 5 1 1
1 57 74587352 5 1 1
1 57 20326647 5 1 1
1 57 4045786 4 1 1
1 57 177083276 4 1 1
1 57 16273552 4 1 1
1 57 161234584 4 1 1
1 57 15655157 5 1 1
1 58 6200202 4 1 1
1 58 5797203 5 1 1
1 58 17610091 5 1 1
1 58 18787419 5 1 1
1 60 165759416 4 1 1
1 60 177349415 5 1 1
1 60 46804376 4 1 1
1 60 77100637 5 1 1
1 60 178757632 5 1 1
1 60 152669567 5 1 1
1 60 46796526 4 1 1
1 60 46810802 4 1 1
1 60 152113799 5 1 1
1 60 101973915 4 1 1
1 60 51173623 5 1 1
1 60 142031477 5 1 1
1 60 141981546 4 1 1
1 60 46810542 4 1 1
1 60 163755827 4 1 1
1 60 42722982 4 1 1
1 60 162930460 5 1 1
1 61 95293761 5 1 1
1 61 141532820 4 1 1
1 61 94014663 5 1 1
1 61 101682072 4 1 1
1 61 17939178 5 1 1
1 61 53786183 4 1 1
1 61 119395452 4 1 1
1 61 61172868 5 1 1
1 61 65397078 5 1 1
1 62 118394908 4 1 1
1 62 139659646 5 1 1
1 62 86100386 5 1 1
1 62 102567871 4 1 1
1 62 47314583 5 1 1
1 62 129136773 5 1 1
1 62 108315010 5 1 1
1 62 109760720 4 1 1
1 63 133150189 5 1 1
1 63 22674666 4 1 1
1 63 133520875 5 1 1
1 64 61309708 5 1 1
1 64 110700973 5 1 1
1 64 111159230 4 1 1
1 64 19998769 5 1 1
1 65 125272516 5 1 1
1 65 145929389 5 1 1
1 65 28065127 5 1 1
1 65 34883882 4 1 1
1 66 92824861 4 1 1
1 66 128416444 4 1 1
1 66 128429003 4 1 1
1 66 92824813 5 1 1
1 66 7622255 4 1 1
1 66 8111638 5 1 1
1 66 8108862 4 1 1
1 66 105160644 5 1 1
1 66 104681948 4 1 1
1 66 106148486 4 1 1
1 66 154066218 5 1 1
1 66 7622278 5 1 1
1 66 112646520 5 1 1
1 67 87708568 5 1 1
1 67 87265397 4 1 1
1 67 109838088 5 1 1
1 67 108713188 4 1 1
1 67 35818152 5 1 1
1 67 101229073 4 1 1
1 67 87708609 4 1 1
1 67 65473267 5 1 1
1 67 109047271 4 1 1
1 67 112794299 5 1 1
1 67 87708728 4 1 1
1 68 61930622 5 1 1
1 68 102803132 4 1 1
1 68 62795287 4 1 1
1 69 76368944 5 1 1
1 69 51113711 4 1 1
1 69 154685859 5 1 1
1 69 62841322 5 1 1
1 69 29752056 4 1 1
1 69 17002289 5 1 1
1 70 68266360 4 1 1
1 70 16139343 5 1 1
1 70 19059774 5 1 1
1 70 115271902 5 1 1
1 70 115263863 5 1 1
1 70 68245741 5 1 1
1 70 19085900 5 1 1
1 70 115204270 5 1 1
1 71 90839731 4 1 1
1 71 28435773 5 1 1
1 71 90872353 5 1 1
1 71 90839722 5 1 1
1 71 48500369 5 1 1
1 72 124504559 4 1 1
1 72 70976815 5 1 1
1 72 110269398 4 1 1
1 72 125389218 4 1 1
1 72 55872174 5 1 1
1 72 125473310 5 1 1
1 72 70976766 4 1 1
1 72 125473421 5 1 1
1 72 116671527 4 1 1
1 72 112460071 5 1 1
1 72 123695800 4 1 1
1 72 91956489 4 1 1
1 72 106082021 5 1 1
1 72 59126882 4 1 1
1 72 104748807 5 1 1
1 72 124898122 4 1 1
1 72 111036645 4 1 1
1 72 124636847 4 1 1
1 73 3961967 5 1 1
1 74 79741979 4 1 1
1 74 67156579 4 1 1
1 74 79752179 5 1 1
1 75 62373108 5 1 1
1 76 50983463 5 1 1
1 78 95179916 5 1 1
1 78 94812364 5 1 1
1 78 67749249 5 1 1
1 78 92946423 4 1 1
1 78 93828092 4 1 1
1 78 69194749 5 1 1
1 78 92736334 5 1 1
1 78 42109280 4 1 1
1 78 77484261 4 1 1
1 78 92946119 5 1 1
1 78 94917390 4 1 1
1 78 89526125 4 1 1
1 78 93817046 4 1 1
1 78 94868724 5 1 1
1 78 94964030 4 1 1
1 78 95179572 5 1 1
1 78 94964165 5 1 1
1 78 94964140 5 1 1
1 78 95194802 4 1 1
1 78 94964131 5 1 1
1 78 6542452 5 1 1
1 78 95179615 5 1 1
1 78 95613694 5 1 1
1 79 36647294 4 1 1
1 79 36648201 4 1 1
1 80 69885448 5 1 1
1 80 35880349 4 1 1
1 80 70306520 5 1 1
1 80 71715616 4 1 1
1 80 25712824 5 1 1
1 80 639429 4 1 1
1 80 50096954 5 1 1
1 80 63112085 5 1 1
1 80 25663465 5 1 1
1 80 25712899 4 1 1
1 82 62462483 4 1 1
1 83 55858419 4 1 1
1 83 56227642 4 1 1
1 83 57692875 5 1 1
1 83 55915757 4 1 1
1 83 10481313 5 1 1
1 83 55828346 5 1 1
1 83 7661605 4 1 1
1 83 10244587 4 1 1
1 83 56131287 4 1 1
1 83 56333239 5 1 1
1 83 56003032 5 1 1
1 83 56131279 4 1 1
1 83 75329798 4 1 1
1 83 10244669 5 1 1
1 84 34637730 4 1 1
1 84 13002213 4 1 1
1 85 21354057 5 1 1
1 86 35543496 4 1 1
1 86 36162442 4 1 1
1 86 34842015 4 1 1
1 86 68794926 4 1 1
1 86 45262278 4 1 1
1 86 33308023 5 1 1
1 86 49644461 5 1 1
1 86 46614821 5 1 1
1 86 37164727 5 1 1
1 86 25765221 4 1 1
1 86 35534254 4 1 1
1 86 25765223 5 1 1
1 88 38468891 4 1 1
1 88 38185576 4 1 1
1 88 25634645 4 1 1
1 90 10028129 4 1 1
1 90 19884921 4 1 1
1 90 19884974 4 1 1
1 90 38342431 4 1 1
1 90 34152099 4 1 1
1 91 21212093 5 1 1
1 91 21212107 4 1 1
1 91 7131093 5 1 1
1 91 20599929 5 1 1
1 91 7188175 5 1 1
1 91 18505766 4 1 1
1 91 7188172 4 1 1
1 91 18505906 5 1 1
1 91 21437275 4 1 1
1 91 17764388 5 1 1
1 91 21142415 5 1 1
1 91 21455144 5 1 1
1 91 41976787 4 1 1
1 91 20600191 4 1 1
1 91 8502644 5 1 1
1 91 19115713 5 1 1
1 91 24110763 5 1 1
1 91 42843260 5 1 1
1 91 21309341 4 1 1
1 91 10259080 4 1 1
1 91 21133370 5 1 1
