0 0 51302675 5 0 30.4217
0 0 18881589 5 0 9.0434
0 0 35795219 4 0 32.3006
0 0 51302672 4 0 20.4494
0 0 247777861 4 0 22.913
0 0 47338984 4 0 38.4727
0 1 161017785 5 0 32.2815
0 1 245842844 4 0 13.9688
0 1 113119612 5 0 59.9945
0 1 185353142 5 0 16.0503
0 1 247998425 5 0 15.4916
0 1 231157154 5 0 11.875
0 1 231226791 5 0 15.1875
0 1 245605024 5 0 15.4688
0 1 113076389 5 0 12.91
0 2 112394070 4 0 13.7003
0 2 66793659 4 0 50.7751
0 2 116641050 4 0 18.5397
0 2 40583015 4 0 7.86218
0 2 56141168 4 0 7.51439
0 2 113558572 4 0 539.014
0 2 113558583 5 0 14.2144
0 2 230789257 4 0 13.2332
0 2 230789271 4 0 27.2414
0 2 230789261 5 0 11.4834
0 2 112394128 5 0 8.61494
0 2 165591329 5 0 14.5
0 2 113558970 5 0 16.1285
0 2 113558582 5 0 16.9324
0 3 128575496 5 0 55.8431
0 3 77468259 5 0 16.5
0 3 140226585 5 0 40.8053
0 3 164526522 5 0 25.875
0 3 84631691 5 0 7.54795
0 3 60719209 4 0 14.0072
0 3 140993365 5 0 35.697
0 3 140343336 4 0 17.3228
0 3 128575497 5 0 16.0951
0 3 140343335 4 0 13.8765
0 3 185997943 4 0 9.0193
0 3 116920158 4 0 10.105
0 3 60719208 4 0 26.1803
0 3 128577940 4 0 9.77251
0 3 167998558 4 0 12.91
0 3 183336099 5 0 12.4607
0 3 211410106 5 0 32.2968
0 3 140343236 4 0 12.5458
0 3 140995859 5 0 14.5
0 3 112891596 5 0 13.4045
0 3 83946142 5 0 16.0771
0 4 54370152 4 0 10.79
0 4 131426205 4 0 14.0312
0 4 43684113 5 0 21.0703
0 4 54370139 4 0 24.5306
0 4 191643088 4 0 19.7557
0 4 54370140 4 0 20.3999
0 4 179626843 5 0 11.4288
0 4 141987888 5 0 16.375
0 4 191260453 4 0 14.873
0 4 24868484 5 0 14.5
0 4 182108180 4 0 10.9399
0 4 17116982 4 0 12.91
0 4 180780730 5 0 14.5
0 4 66375655 4 0 14.5
0 4 44701713 4 0 14.5
0 4 47339839 4 0 13.5625
0 4 182150986 4 0 15.9434
0 4 133763406 4 0 15.2969
0 4 192861817 4 0 18.8174
0 4 182066769 5 0 10.8753
0 4 140977933 5 0 13.8707
0 4 180718267 5 0 18.668
0 4 164938188 4 0 11.524
0 4 182150985 4 0 14.5
0 4 182288675 5 0 10.5875
0 4 191450868 5 0 10.9922
0 4 164751632 4 0 14.7383
0 4 53259314 4 0 7.67642
0 4 164938189 4 0 10.79
0 5 33084736 5 0 13.9062
0 5 180409257 5 0 32.2738
0 5 93575625 5 0 14.5
0 5 134410929 4 0 16.0625
0 5 180409341 4 0 12.7887
0 5 126654803 4 0 11.7733
0 5 33866444 4 0 14.5
0 5 83477650 5 0 14.5
0 6 64578723 4 0 13.125
0 6 195291670 4 0 13.39
0 6 70678651 4 0 19.6719
0 6 195291674 4 0 13.2327
0 6 195291663 5 0 32.1697
0 6 45813782 5 0 11.557
0 6 182453586 4 0 11.481
0 6 40134872 5 0 17.9375
0 6 71729827 4 0 10.13
0 6 182598401 5 0 9.42727
0 7 37560743 4 0 18.1817
0 7 81675641 5 0 17.94
0 7 120986010 4 0 19.3125
0 7 38338517 5 0 18.625
0 7 180622773 5 0 17.7587
0 7 180622771 4 0 15.7834
0 7 37560742 4 0 24.5805
0 7 51641933 5 0 32.2743
0 7 118068797 4 0 14.5
0 7 169992860 4 0 16.0271
0 7 81675638 4 0 13.3725
0 7 33622193 4 0 15.1875
0 7 37560753 5 0 10.7755
0 7 132433617 5 0 14.2656
0 7 72194009 4 0 19.1641
0 7 34523454 4 0 16.0405
0 7 37560756 5 0 32.3
0 8 165066820 4 0 7.68681
0 8 13923141 5 0 15.5625
0 8 52183898 5 0 14.5
0 8 101583983 5 0 17.6875
0 8 9192720 4 0 17.5291
0 8 196944441 4 0 16.7031
0 8 9192721 4 0 13.4084
0 8 8899138 4 0 10.7797
0 8 106661950 4 0 8.17
0 9 44374233 5 0 11.8438
0 9 92331989 5 0 24.4619
0 9 13999607 4 0 14.5
0 9 35361545 5 0 52.5742
0 9 44065735 5 0 10.7833
0 9 92331990 5 0 16.4705
0 9 195504563 4 0 14.5
0 10 37584849 5 0 8.17828
0 10 51426009 4 0 13.5232
0 10 47060856 5 0 18.75
0 10 51979311 5 0 14.5
0 10 107627453 4 0 8.76336
0 10 26389085 5 0 9.96435
0 10 72633592 5 0 8.17
0 10 18588875 4 0 19
0 10 107998028 4 0 32.2991
0 10 37305513 5 0 7.97292
0 10 26367750 5 0 14.0363
0 10 90000269 5 0 15.6875
0 10 39072134 5 0 13.3904
0 11 95554536 5 0 21.125
0 11 133015465 5 0 25.8067
0 11 25084155 5 0 22.8948
0 11 25084154 5 0 16.1059
0 11 148344746 5 0 14.5
0 11 133015469 4 0 17.3945
0 11 148344745 5 0 16.025
0 11 117037285 4 0 13.3887
0 11 133015421 5 0 13.3716
0 11 91195702 4 0 14.5
0 11 133015464 5 0 10.13
0 11 32670706 5 0 12.5
0 11 133015334 4 0 13.4071
0 12 147181004 4 0 46.2694
0 12 171000538 5 0 13.5062
0 12 7549670 5 0 65.131
0 12 75033653 5 0 13.8125
0 12 3436524 4 0 10.79
0 12 52815474 5 0 14.8138
0 12 2246213 5 0 11.3946
0 12 178760829 5 0 15.1655
0 12 146321816 4 0 8.69353
0 12 146192590 4 0 8.17
0 12 171043622 4 0 16.0513
0 12 171043625 5 0 33.7879
0 12 172942447 5 0 12.5571
0 12 3436527 5 0 13.39
0 13 51629507 5 0 23.3019
0 13 2460771 4 0 19.4559
0 13 9303603 5 0 8.30687
0 14 87978105 5 0 12.3091
0 14 74385651 4 0 13.3836
0 14 87467398 5 0 18.1094
0 14 174604614 5 0 13.7619
0 14 74385650 4 0 18.507
0 14 75000004 4 0 20.4062
0 14 62370669 5 0 14.5
0 14 82273383 4 0 14.5
0 14 87823406 4 0 16.7969
0 14 63099581 4 0 32.2994
0 15 47536460 4 0 34.5777
0 16 121304018 5 0 16.0836
0 16 151089310 5 0 16.0458
0 16 105001642 5 0 16.05
0 16 2055234 5 0 10.7706
0 16 26463175 5 0 20.7749
0 16 123924600 5 0 10.792
0 16 1308156 5 0 14.125
0 16 123924604 4 0 16.2263
0 16 105001545 5 0 29.3878
0 16 121003553 5 0 8.97607
0 16 105001629 4 0 10.13
0 16 105001644 5 0 16.05
0 16 105001556 5 0 11.324
0 16 26463174 5 0 18.0363
0 16 105001638 4 0 10.9899
0 16 60866253 4 0 9.91955
0 16 38561332 4 0 9.36069
0 17 134054723 4 0 13.0771
0 17 130618386 5 0 26.2998
0 17 145820184 5 0 30.9359
0 17 145820187 4 0 11.1676
0 17 144373769 5 0 33.6924
0 17 78485496 5 0 10.7891
0 17 90157204 5 0 19.375
0 17 145820188 4 0 32.37
0 17 146613071 5 0 35.5518
0 18 117888228 5 0 14.5
0 18 2129717 4 0 16.0504
0 18 522475 4 0 13.229
0 18 13089799 4 0 15.7988
0 18 11979319 5 0 17.8242
0 18 117853361 5 0 40.4489
0 18 12686840 4 0 10.1602
0 18 21218162 4 0 16.0499
0 18 118238268 4 0 14.5
0 18 128937379 4 0 14.3203
0 18 13072442 4 0 24.18
0 18 47666946 5 0 14.5
0 18 21218249 4 0 8.45013
0 18 522473 4 0 32.3
0 18 2812185 4 0 11.0801
0 18 47224827 4 0 13.4074
0 19 120585110 5 0 34.25
0 19 119152508 5 0 16.625
0 19 108920488 4 0 13.6719
0 19 123409501 5 0 7.70572
0 20 46731353 5 0 14.2323
0 20 109724016 5 0 10.3043
0 20 82020006 5 0 19.625
0 20 47253834 4 0 17.5406
0 20 46720147 4 0 10.7897
0 20 120952376 5 0 10.79
0 20 49046446 4 0 15.5508
0 20 51682834 4 0 15.1426
0 20 50043315 5 0 13.6323
0 20 48399321 4 0 16.05
0 20 46627013 5 0 32.8159
0 20 46731681 5 0 32.2999
0 20 120952372 4 0 13.3805
0 21 26563260 4 0 13.3934
0 21 145100663 4 0 13.39
0 21 145025506 5 0 9.21574
0 21 21227303 5 0 16.5
0 21 129561730 4 0 13.3865
0 21 144614654 4 0 20.2344
0 21 130989375 4 0 37.0391
0 23 14589901 5 0 33.46
0 23 32662424 4 0 25.1573
0 23 52039881 4 0 15.9688
0 23 14589806 5 0 17.814
0 23 14589804 5 0 46.208
0 23 1088593 4 0 13.3901
0 23 14589803 4 0 31.4705
0 23 14576548 5 0 16.1014
0 23 14589801 4 0 16.5262
0 23 1695177 5 0 18.0131
0 23 79191220 4 0 33.2188
0 23 1088662 5 0 17.1116
0 23 1695270 5 0 16.9593
0 23 13264576 4 0 14.557
0 23 12506999 4 0 12.3125
0 23 14605221 5 0 11.458
0 23 14741276 4 0 40.68
0 23 91426342 4 0 32.2856
0 23 91335749 5 0 17.3175
0 23 14589808 4 0 64.6
0 23 1104859 5 0 11.6099
0 23 14589787 5 0 20.3302
0 23 14589785 5 0 8.17
0 23 1131888 5 0 8.71749
0 23 14589886 4 0 14.5538
0 23 1791420 5 0 8.92419
0 23 14567043 4 0 12.0569
0 23 1604392 4 0 10.13
0 23 1104857 4 0 14.3013
0 23 14589802 4 0 14.8021
0 23 1214477 5 0 22.6006
0 23 13399467 4 0 13.8215
0 23 14589994 5 0 10.79
0 23 1104830 5 0 18.3418
0 23 1114193 4 0 7.95439
0 23 14741272 5 0 16.05
0 23 1695176 5 0 14.5
0 23 77862727 4 0 14.6875
0 23 14566689 4 0 10.79
0 23 73999405 4 0 14.5625
0 23 155018364 5 0 9.77514
0 23 1694899 5 0 32.3
0 23 36758067 4 0 14.5
0 23 1604974 4 0 10.8241
0 23 14576458 5 0 20.9782
0 23 1088663 5 0 10.7899
0 23 1214194 5 0 8.89315
0 23 1694900 5 0 10.79
0 24 36333376 4 0 19.375
0 24 47601141 4 0 18.4062
0 24 109661376 4 0 12.7172
0 24 7267750 5 0 11.0297
0 24 2751188 5 0 21.0938
0 24 109797493 5 0 11.965
0 24 128468719 4 0 11.5696
0 24 21516077 5 0 8.14145
0 24 21453112 4 0 13.38
0 24 15338458 5 0 16.0367
0 25 106819766 4 0 33.9731
0 25 113044307 5 0 16.7656
0 25 50196927 4 0 10.7891
0 25 106819762 5 0 32.5132
0 25 103243891 4 0 27.2773
0 25 39309262 4 0 12.4062
0 25 93665830 4 0 32.2999
0 26 85016024 4 0 13.5745
0 26 81939373 5 0 57.2294
0 26 81939459 4 0 118.891
0 26 86081695 5 0 40.17
0 26 81862465 5 0 37.3104
0 26 83940018 5 0 21.9367
0 26 85033998 4 0 9.75524
0 26 82258229 5 0 40.4357
0 26 81939457 4 0 13.39
0 26 81939371 4 0 31.011
0 26 85169509 5 0 36.7021
0 26 83940025 4 0 41.34
0 26 82831456 5 0 15.2016
0 26 85485583 5 0 10.8226
0 26 84342901 5 0 19.0715
0 26 81858659 5 0 31.6891
0 26 81874615 5 0 8.94511
0 26 89634968 5 0 14.0861
0 26 81859399 5 0 16.6111
0 26 82440222 4 0 16.3726
0 26 83164797 4 0 11.3829
0 26 81939500 5 0 14.1228
0 26 83718322 5 0 10.79
0 26 81939370 4 0 17.2121
0 26 113599834 5 0 10.13
0 26 101718788 5 0 14.5
0 26 84438207 5 0 30.2751
0 26 89635011 4 0 8.17
0 26 83939997 4 0 14.087
0 26 82831454 4 0 14.3058
0 26 83940204 5 0 12.6297
0 26 85485568 5 0 15.5177
0 26 85485591 5 0 31.9317
0 26 83612189 4 0 13.3901
0 26 89635013 5 0 44.1189
0 26 84342725 5 0 10.8403
0 26 84323025 5 0 9.15214
0 26 86081696 5 0 20.3607
0 26 85169613 4 0 12.3206
0 26 83843764 5 0 7.93769
0 26 85055205 5 0 26.3066
0 26 93207136 5 0 12.3949
0 26 82653581 4 0 20.0625
0 26 83939998 4 0 13.39
0 26 81862461 4 0 12.3144
0 26 85055717 5 0 54.5103
0 26 81862472 5 0 12.5354
0 26 83940007 4 0 20.3709
0 26 83939862 4 0 11.4105
0 26 85154601 5 0 19.5473
0 26 87801103 5 0 15.8125
0 26 81939463 5 0 21.3784
0 26 83939955 4 0 11.6039
0 26 95255123 4 0 14.5
0 26 81939456 4 0 32.3
0 26 96526267 4 0 539.004
0 26 96550041 4 0 18.5787
0 26 83718669 4 0 11.3245
0 26 97741061 5 0 16.0616
0 26 83718338 4 0 10.79
0 26 81939460 4 0 10.79
0 26 85068379 5 0 15.5112
0 26 96550043 5 0 13.39
0 26 85485241 4 0 11.4055
0 26 82534431 4 0 10.13
0 26 29294382 5 0 7.86969
0 26 81862297 4 0 7.74831
0 26 85485592 5 0 14.6033
0 27 55356313 5 0 16.0709
0 27 55356309 4 0 11.5263
0 27 62429351 4 0 17.3125
0 27 54519685 5 0 13.3949
0 28 5196159 4 0 15.0625
0 28 82090765 4 0 11.02
0 28 474049 5 0 13.354
0 28 48554405 4 0 14.5
0 28 75796193 4 0 14.5
0 28 4334333 5 0 16.875
0 29 77860809 5 0 18.5326
0 29 77860811 4 0 27.9049
0 29 22450844 4 0 10.7838
0 29 28112758 5 0 16.0498
0 29 3782196 4 0 10.13
0 30 37842396 4 0 12.12
0 30 49936971 5 0 13.39
0 30 37904188 4 0 30.7146
0 30 49936968 5 0 13.3802
0 30 51227150 4 0 10.791
0 30 35250181 4 0 16.0519
0 30 66441817 4 0 16.054
0 31 5359618 5 0 62.8087
0 31 46606497 4 0 14.5
0 31 53093839 4 0 13.1784
0 31 4451923 4 0 12.8594
0 31 5359620 4 0 32.2815
0 31 1282014 5 0 17.625
0 32 56855891 4 0 13.8114
0 32 52420664 5 0 10.79
0 32 66584949 5 0 15.0303
0 32 68804741 4 0 13.6657
0 32 52835650 4 0 22.8181
0 32 66809833 4 0 45.7468
0 32 52908763 4 0 10.79
0 32 12132809 4 0 7.81983
0 32 55675174 4 0 24.1489
0 32 64406068 5 0 16.0501
0 32 56855893 4 0 87.5788
0 32 55675176 5 0 67.27
0 32 66809832 4 0 13.39
0 32 66809483 5 0 19.7917
0 32 66809482 5 0 10.79
0 32 66809834 4 0 20.7233
0 32 55608244 5 0 12.1153
0 32 69749631 4 0 16.0442
0 32 67530879 5 0 10.79
0 32 67570215 5 0 12.0597
0 32 64406065 4 0 16.05
0 32 55608311 4 0 22.3911
0 32 55675108 5 0 19.9406
0 32 55608313 4 0 24.22
0 32 64406059 4 0 35.7345
0 32 56855895 4 0 17.8994
0 32 55675232 4 0 11.5426
0 32 52420886 5 0 11.5359
0 32 54262690 4 0 12.91
0 32 66809830 4 0 13.3901
0 32 79091246 5 0 14.5
0 32 55605243 4 0 10.178
0 33 33218005 4 0 14.1965
0 33 33218004 4 0 10.785
0 34 63347833 4 0 28.613
0 34 51984023 5 0 26.6127
0 34 51940921 5 0 14.375
0 34 58909980 5 0 18.8003
0 34 11625002 4 0 13.7812
0 34 63347836 5 0 13.3612
0 34 47401853 4 0 29.0201
0 34 59554362 5 0 14.5
0 34 62802900 5 0 11.6875
0 34 51984101 4 0 14.4668
0 34 57817592 4 0 18.1235
0 34 70938227 4 0 21.8687
0 34 57817540 4 0 25.0282
0 34 38635402 4 0 12.3203
0 34 57817590 5 0 32.3
0 34 60341375 4 0 20.1873
0 34 34722976 5 0 12.91
0 34 57817533 5 0 7.60965
0 34 49082343 4 0 10.7865
0 36 41817203 4 0 8.90423
0 36 62387913 5 0 16.05
0 36 41845569 4 0 13.377
0 36 77086888 4 0 17.1016
0 36 9519609 5 0 7.77685
0 36 71353814 5 0 16.3986
0 36 62387911 4 0 15.2676
0 36 73665256 4 0 32.4375
0 36 29763214 5 0 13.1875
0 36 10682144 4 0 10.7906
0 36 71353867 4 0 12.91
0 36 62387912 4 0 13.3888
0 36 71353868 4 0 8.17
0 36 76612342 4 0 12.91
0 37 51436237 4 0 19.3735
0 37 51436236 4 0 13.3765
0 38 9993842 4 0 19.125
0 38 51698836 4 0 12.7969
0 38 52186252 5 0 14.9844
0 38 14804617 4 0 12.375
0 38 27364874 4 0 15.9375
0 38 40596579 4 0 12.2156
0 38 36821298 4 0 23.0242
0 38 40584186 5 0 10.7922
0 39 34363952 4 0 12.4099
0 39 381786 4 0 17.979
0 39 13418859 5 0 22.22
0 39 381789 5 0 17.9568
0 39 13418856 5 0 10.7901
0 40 13980823 4 0 53.5
0 40 71209517 5 0 16.7274
0 40 11552917 5 0 11.353
0 40 59118354 5 0 16.0412
0 42 6737399 4 0 14.5
0 43 3776594 4 0 15.6875
0 45 128449 5 0 18.5777
0 45 128434 5 0 31.0342
0 45 128436 5 0 17.4482
0 45 128435 5 0 14.8295
0 45 2068208 5 0 16.4375
0 45 16230877 5 0 10.7886
0 46 28510392 5 0 15.5
0 46 178921149 5 0 19.5625
0 46 179539753 5 0 8.98103
0 46 237339111 4 0 16.6875
0 46 130397805 5 0 8.61155
0 46 81423150 5 0 14.5
0 47 156593701 4 0 13.785
0 47 204067346 5 0 18.7425
0 47 238768383 5 0 15.5
0 47 147470704 5 0 10.9922
0 47 147346407 5 0 11.1875
0 47 180422217 4 0 13.3887
0 47 147297699 5 0 7.55089
0 47 191294804 5 0 37.375
0 47 147196737 5 0 16.0583
0 47 51806094 4 0 12.2188
0 47 249143194 5 0 11.4531
0 48 32876161 5 0 14.5
0 48 206189614 4 0 15.5
0 48 321919 4 0 19.4817
0 48 45156951 4 0 10.79
0 48 32858680 5 0 16.925
0 48 156503622 5 0 12.1465
0 48 32886853 5 0 10.13
0 48 3440596 5 0 10.8416
0 48 155794689 4 0 16.9429
0 48 32864361 4 0 11.9727
0 48 169850876 5 0 14.5
0 48 32388020 4 0 19.4672
0 48 130157582 4 0 17.125
0 48 32864362 4 0 32.9488
0 48 170721838 4 0 9.88389
0 48 32136170 5 0 15.81
0 48 120063477 4 0 11.625
0 48 14202146 4 0 20.9531
0 48 32864454 4 0 14.7608
0 48 73116458 4 0 11.4863
0 48 24941512 4 0 14.5
0 48 321918 4 0 45.8933
0 48 118534201 5 0 32.3001
0 48 32239337 5 0 10.1059
0 48 169748978 5 0 14.5
0 48 129120225 4 0 12.91
0 48 115545636 4 0 32.3003
0 49 206594864 4 0 37.1381
0 49 69406472 5 0 36.25
0 49 102480278 4 0 13.387
0 49 226164189 4 0 31.0411
0 49 224086248 5 0 16.0427
0 49 102480311 4 0 9.04443
0 49 206588701 5 0 11.0079
0 49 226164192 5 0 28.1491
0 49 213627750 4 0 8.17
0 49 214587467 4 0 36.4375
0 49 176086562 5 0 10.6381
0 49 94355823 4 0 10.13
0 49 100426545 5 0 7.97665
0 49 94269467 4 0 13.39
0 50 88047486 4 0 13.3447
0 50 147749874 4 0 33.352
0 50 198307992 5 0 16.2044
0 50 64884320 5 0 11.1953
0 50 136142369 4 0 37.0692
0 50 73288543 5 0 11.2564
0 50 136041951 5 0 11.0859
0 50 185791053 4 0 11.9492
0 50 96319276 5 0 10.7899
0 50 39770848 5 0 28.8064
0 50 74675843 5 0 44.7023
0 50 134595299 5 0 13.861
0 50 76480187 4 0 11.583
0 50 95741026 4 0 14.5
0 50 73288560 4 0 14.9595
0 50 136142350 5 0 48.0162
0 50 73288676 4 0 25.2879
0 50 134595300 5 0 13.39
0 50 73288542 5 0 17.2833
0 50 158677473 5 0 12.91
0 50 6046683 5 0 16.0447
0 50 88047487 4 0 11.0025
0 50 76480189 4 0 14.5
0 50 147797654 4 0 14.8729
0 50 87660122 4 0 47.0703
0 50 135376578 4 0 16.7952
0 50 74675833 4 0 11.4484
0 50 73288679 5 0 22.3463
0 50 1042929 4 0 15.0575
0 50 73288548 4 0 20.9205
0 50 147749846 4 0 14.3375
0 50 147749969 4 0 16.05
0 50 147875021 5 0 10.7899
0 50 188983496 5 0 16.05
0 50 73288675 4 0 44.3503
0 50 135744450 5 0 11.7321
0 50 936904 4 0 10.7825
0 50 184953511 4 0 14.5
0 50 184953512 5 0 13.3905
0 50 135743871 5 0 9.63403
0 50 83799652 5 0 16.6046
0 50 61271954 4 0 16.4443
0 50 105813626 4 0 12.6875
0 50 936907 5 0 12.91
0 50 73315324 5 0 8.21948
0 50 147874938 5 0 538.999
0 50 85168204 4 0 13.3891
0 50 135744190 4 0 10.3822
0 50 85210664 5 0 32.3008
0 50 167500977 5 0 32.2939
0 50 82705839 5 0 32.3005
0 50 74670120 4 0 8.17
0 50 73324259 4 0 10.0791
0 50 134595252 4 0 10.79
0 51 116533236 4 0 8.63818
0 51 181532968 5 0 12.91
0 51 65833703 4 0 12.5
0 51 195050761 4 0 14.5
0 52 61655995 5 0 9.30706
0 52 80130796 4 0 17.7782
0 52 64106540 4 0 13.39
0 52 59015905 4 0 9.45132
0 52 60674468 5 0 13.39
0 52 68235464 5 0 17.2779
0 52 62581648 4 0 16.4425
0 52 168702984 5 0 14.5
0 52 68235465 5 0 30.8897
0 52 77317626 4 0 14.293
0 52 63973834 5 0 30.0284
0 52 61967154 4 0 46.7536
0 52 74641162 5 0 14.5
0 52 63358521 4 0 13.39
0 52 63357958 5 0 10.1544
0 52 63974110 5 0 18.8197
0 52 62412474 5 0 16.6121
0 52 76043486 4 0 50.1681
0 52 61361004 4 0 17.58
0 52 39776284 5 0 15.2137
0 52 77742733 4 0 29.5013
0 52 61491351 5 0 29
0 52 61602408 4 0 10.7901
0 52 168076252 5 0 15.4062
0 52 63974022 5 0 49.6356
0 52 62412643 5 0 22.7415
0 52 68331706 5 0 18.7173
0 52 60674654 5 0 30.55
0 52 61967156 4 0 18.6425
0 52 76317490 5 0 11.5971
0 52 60678588 4 0 10.9061
0 52 63974109 4 0 28.4976
0 52 61038620 5 0 12.8826
0 52 80602815 5 0 9.12187
0 52 61533208 4 0 14.5
0 52 64106530 4 0 14.9395
0 52 60674459 5 0 27.8567
0 52 61552195 4 0 8.52166
0 52 78037777 4 0 31.9741
0 52 61963046 5 0 19.7147
0 52 63332685 4 0 18.437
0 52 74789338 4 0 19.1184
0 52 65471800 5 0 13.7809
0 52 62412658 5 0 17.511
0 52 61850151 5 0 32.2999
0 52 80130794 4 0 15.525
0 52 63145085 4 0 13.39
0 52 61361008 5 0 32.3
0 52 65463931 5 0 9.98452
0 52 76043483 5 0 16.05
0 52 61850150 5 0 14.1567
0 52 78037779 5 0 19.3838
0 52 80130795 4 0 10.13
0 52 60549940 4 0 11.2613
0 52 63358515 5 0 18.0843
0 52 63973833 5 0 12.2092
0 52 69321505 5 0 7.7924
0 52 63358520 4 0 20.7128
0 52 67661219 4 0 7.60635
0 52 61596374 4 0 11.9647
0 52 63974108 4 0 16.1781
0 52 140631530 4 0 8.20054
0 52 140476758 4 0 15.0836
0 52 60665626 4 0 8.83559
0 52 62581651 5 0 45.2099
0 52 63358514 5 0 18.2559
0 52 62340493 5 0 9.88935
0 52 66427246 5 0 10.7898
0 52 60678589 5 0 13.8107
0 52 68235460 4 0 13.8696
0 52 63358571 5 0 32.3
0 52 61963158 5 0 17.748
0 52 128279392 5 0 10.8152
0 52 61982652 4 0 11.5366
0 52 62581650 4 0 10.7899
0 52 74789339 4 0 32.2991
0 53 174187513 5 0 14.8125
0 53 111164345 5 0 16.672
0 53 17760913 5 0 14.5546
0 53 111438682 5 0 16.1094
0 53 86653756 4 0 16.9194
0 54 181883710 5 0 16.0192
0 54 24905861 4 0 41.5789
0 54 59561026 5 0 13.5859
0 54 63633546 5 0 9.5492
0 54 181883706 4 0 32.2949
0 54 58822313 5 0 10.79
0 54 58822312 5 0 10.79
0 54 22338087 4 0 16.661
0 54 58982269 4 0 13.3907
0 54 9995030 4 0 46.8379
0 54 24380684 5 0 12.8125
0 54 202012856 4 0 15.2012
0 54 63142995 4 0 15.7906
0 54 202710895 4 0 9.49499
0 54 201533657 5 0 8.2945
0 54 24940153 4 0 14.5
0 54 151253146 5 0 8.17
0 55 116198994 5 0 31.1598
0 55 142597260 4 0 22
0 55 129160894 4 0 52.9678
0 55 131671116 5 0 14.5
0 55 177008698 4 0 11.0277
0 55 162804029 5 0 11.3213
0 55 137501487 4 0 11.6444
0 55 157418780 5 0 14.9375
0 55 125142128 5 0 13.3818
0 56 152008560 4 0 7.59638
0 56 73718930 4 0 50.2721
0 56 151284149 5 0 21.58
0 56 152008963 4 0 13.6565
0 56 138285135 4 0 8.90547
0 56 151893138 5 0 23.9619
0 56 166363267 5 0 19.1406
0 56 138285055 4 0 13.8366
0 56 7518797 4 0 14.5
0 56 138285066 4 0 10.79
0 56 61457536 5 0 23.3906
0 56 152008839 5 0 13.39
0 56 147019305 4 0 14.5
0 56 138318104 5 0 9.19752
0 56 155053357 5 0 9.68902
0 56 61373694 4 0 8.17
0 57 9983538 5 0 19.3118
0 57 62914902 4 0 10.79
0 57 156375628 5 0 19.9297
0 58 175867432 4 0 12.4055
0 58 23027984 4 0 10.13
0 58 22058140 4 0 12.2734
0 58 61337733 4 0 13.4194
0 58 22058149 5 0 11.2969
0 58 90763461 4 0 11.8967
0 58 179916893 4 0 8.17
0 58 173352008 5 0 25.5871
0 58 124722665 5 0 9.63181
0 58 125105928 5 0 15.1651
0 59 5086347 4 0 13.5234
0 59 175384725 4 0 22.0346
0 59 5086350 5 0 11.3516
0 59 27823153 4 0 14.5
0 59 78874036 5 0 10.2147
0 59 114517084 4 0 11.4496
0 59 115296040 5 0 11.9787
0 59 180152370 4 0 38.4367
0 59 89810267 5 0 16.049
0 59 162525031 5 0 8.17
0 59 168085361 4 0 10.635
0 59 175884331 4 0 36.6025
0 59 167635336 4 0 12.1445
0 59 115296125 4 0 10.79
0 59 178821080 4 0 10.8693
0 59 177884916 4 0 10.13
0 59 37550621 5 0 12.91
0 59 36862454 5 0 13.3872
0 59 28413247 4 0 14.5
0 60 76178445 4 0 13.3929
0 60 56894380 5 0 14.5
0 60 46135252 5 0 17.9688
0 60 89370111 4 0 14.5
0 60 40501710 5 0 14.5
0 61 58246860 5 0 20.0107
0 61 59668059 4 0 20.1764
0 61 61436471 5 0 15.7812
0 61 59668067 5 0 26.7645
0 61 25946713 5 0 16.1463
0 61 74835635 5 0 20.1133
0 61 150555151 5 0 16.3125
0 61 25946702 5 0 10.7881
0 61 72676852 4 0 13.5
0 61 48936759 5 0 15.2656
0 61 149999640 4 0 11.3005
0 61 56935305 4 0 11.6064
0 61 46396906 4 0 10.5379
0 61 58246920 4 0 14.5
0 62 64156605 4 0 32.265
0 62 133878112 5 0 21.5763
0 62 133880627 4 0 14.8805
0 62 133878111 5 0 23.6134
0 62 18626975 4 0 32.2938
0 62 42112708 5 0 13.8438
0 62 131841237 5 0 16.1953
0 62 147411633 5 0 12.91
0 62 29588136 4 0 10.7792
0 63 16982502 4 0 14.4561
0 63 17297486 4 0 32.6624
0 63 72509476 5 0 17.4688
0 63 82896692 4 0 15.0267
0 63 16976319 5 0 15.9053
0 63 113853895 4 0 15.8438
0 63 104725260 5 0 19.6875
0 63 111715066 5 0 27.8212
0 63 102322819 4 0 12.0625
0 63 17296971 4 0 14.5
0 63 50727836 5 0 14.5
0 63 17297036 5 0 14.5
0 63 17976826 5 0 22.0996
0 63 28020803 5 0 14.5
0 64 59753481 4 0 538.992
0 64 59753480 4 0 29.6985
0 64 31320864 5 0 10.7918
0 64 59753491 4 0 16.4829
0 65 91330123 4 0 14.3125
0 65 86103529 4 0 24.22
0 65 75486775 5 0 13.396
0 65 96175520 4 0 8.72112
0 65 96155725 4 0 28.9601
0 65 86103522 4 0 16.7419
0 65 98067267 4 0 12.7127
0 65 96152590 5 0 13.39
0 65 96916027 4 0 15.0496
0 65 56243701 5 0 10.789
0 65 38194261 4 0 14.5243
0 65 96326842 4 0 30.5176
0 65 39836396 4 0 26.3655
0 65 68816616 4 0 14.5
0 65 46934388 4 0 28.3535
0 65 55651216 5 0 25.29
0 65 96177618 4 0 15.0706
0 65 85405168 4 0 14.4532
0 65 98067305 4 0 26.3
0 65 39836398 4 0 20.3092
0 65 96216305 5 0 15.8978
0 65 98006330 5 0 28.3337
0 65 85405251 4 0 11.2717
0 65 46934614 5 0 14.3437
0 65 42705762 4 0 10.79
0 65 39836400 5 0 16.05
0 65 84075285 5 0 18.5171
0 65 99589694 5 0 10.5763
0 65 96336311 4 0 16.05
0 65 96335757 4 0 12.9684
0 65 56025245 4 0 10.7903
0 65 97923759 5 0 8.13231
0 65 96361306 5 0 17.0977
0 65 85405053 4 0 10.79
0 65 55882443 5 0 16.1221
0 65 98067268 4 0 13.4754
0 65 55884457 4 0 15.0605
0 65 96361247 4 0 14.4272
0 65 85397948 5 0 8.84583
0 65 42705771 4 0 10.7909
0 65 42955455 5 0 7.61971
0 65 51875525 4 0 11.4584
0 65 55650823 4 0 7.56855
0 65 96336307 5 0 15.1789
0 65 111348610 5 0 12.0594
0 65 96217056 4 0 13.39
0 65 96177616 5 0 12.91
0 66 145849321 5 0 32.3
0 66 232347 4 0 10.13
0 66 154441022 5 0 13.2031
0 66 134714891 5 0 44.8966
0 66 134714808 4 0 13.39
0 66 123923240 4 0 26.0242
0 66 123923239 4 0 21.264
0 66 122737679 5 0 7.57726
0 66 81348819 5 0 10.13
0 66 132674485 5 0 10.795
0 66 134715133 5 0 16.05
0 66 133688943 4 0 10.6814
0 66 27302608 5 0 12.91
0 66 123923238 4 0 13.39
0 66 134715129 4 0 18.4377
0 66 134087956 5 0 11.5422
0 66 146957726 5 0 12.9141
0 66 123873214 4 0 14.5
0 66 122816442 5 0 7.68755
0 66 123923229 4 0 24.3604
0 66 145849522 5 0 16.0574
0 66 134715132 5 0 8.17
0 66 135638578 5 0 10.1522
0 66 81348850 5 0 11.3927
0 67 42740176 4 0 34.842
0 67 52524828 4 0 11.2944
0 67 57999404 5 0 12.91
0 67 44120143 4 0 8.27309
0 67 25349400 4 0 12.072
0 67 52524829 4 0 20.2224
0 67 44990522 5 0 50.5088
0 67 44990533 4 0 13.1372
0 67 14835760 5 0 15.1094
0 67 34604411 5 0 14.5
0 67 2389853 5 0 29.5121
0 67 25159240 5 0 32.9919
0 67 57842928 5 0 13.3897
0 67 40593335 5 0 16.4795
0 67 56905863 4 0 21.4941
0 67 146902202 5 0 19.6875
0 67 49741003 5 0 13.39
0 67 3081847 5 0 8.61294
0 67 101097899 5 0 10.6741
0 67 56244904 5 0 9.74407
0 67 56242242 5 0 10.2085
0 67 58025118 4 0 17.0625
0 67 33532157 4 0 9.6984
0 67 121858841 5 0 11.7611
0 67 57187881 5 0 16.0503
0 67 24298669 5 0 10.2749
0 67 42816069 5 0 11.5008
0 68 69630627 5 0 10.7923
0 68 146394152 5 0 25.7841
0 68 146394157 4 0 16.6737
0 68 79907156 4 0 14.5
0 68 129061810 5 0 17.0859
0 68 130965357 4 0 10.9062
0 68 44593745 4 0 10.8194
0 68 120395367 4 0 14.5
0 68 128830814 4 0 12.375
0 69 75896268 5 0 10.13
0 69 93455167 4 0 12.2188
0 69 88171492 4 0 12.2529
0 69 54732015 4 0 16.0513
0 69 77242470 5 0 32.5597
0 69 103786074 4 0 8.43674
0 69 61394621 4 0 10.7965
0 69 75896256 4 0 20.751
0 69 61397032 5 0 11.7174
0 69 56907936 5 0 17.9419
0 69 87470444 4 0 16.4102
0 69 56907934 5 0 74.6353
0 69 75896265 4 0 43.8612
0 69 65297803 5 0 33.9066
0 69 75443392 4 0 11.2734
0 69 77242423 5 0 44.955
0 69 108217122 5 0 12.4258
0 69 55429135 4 0 21.7188
0 69 93452784 5 0 17.1826
0 69 76296282 5 0 19.9307
0 69 93457890 5 0 9.18666
0 69 65077252 5 0 10.4111
0 69 76603342 4 0 32.302
0 69 54294936 4 0 13.3821
0 69 76098843 4 0 15.4062
0 69 107404448 4 0 12.9537
0 69 75896254 4 0 10.8832
0 69 59735997 4 0 11.821
0 69 86152932 4 0 10.7901
0 69 86152911 5 0 10.13
0 69 86695654 4 0 12.5811
0 69 86320691 4 0 16.2256
0 69 57751032 4 0 16.125
0 69 64761834 4 0 17.4453
0 69 22604885 5 0 13.3975
0 69 57889116 4 0 13.3927
0 69 56907782 4 0 32.3
0 69 61435191 4 0 27.9791
0 69 75896259 5 0 10.79
0 69 98347184 4 0 10.82
0 69 75896274 4 0 14.5
0 69 75896255 4 0 22.1026
0 69 56907992 5 0 14.5
0 70 108916443 5 0 27.4287
0 70 25968901 5 0 17.7753
0 70 57700675 4 0 17.4515
0 70 78840979 5 0 20.7976
0 70 2591204 4 0 12.8142
0 70 2591221 4 0 13.3857
0 70 127280240 5 0 13.6094
0 70 103252166 5 0 14.5
0 70 109092449 4 0 13.39
0 70 57700830 5 0 16.7631
0 70 123394068 5 0 10.0632
0 70 2697599 4 0 16.05
0 70 78175443 4 0 12.2028
0 71 93925878 4 0 10.13
0 71 125872247 4 0 13.3985
0 71 55525204 5 0 26.7239
0 71 55525169 5 0 16.3413
0 71 89228396 4 0 14.5
0 71 127442762 4 0 9.41398
0 72 44682343 4 0 14.5
0 72 72594177 5 0 10.2148
0 72 79011889 4 0 13.3941
0 73 87467493 5 0 15.1099
0 73 56583662 4 0 12.2666
0 73 69913497 5 0 13.2573
0 73 25598032 5 0 14.3965
0 73 12328178 4 0 8.17
0 73 20988569 4 0 10.7895
0 73 74901342 5 0 8.35795
0 73 69911095 4 0 13.3677
0 73 87467494 5 0 10.13
0 73 71339670 4 0 16.0557
0 73 10722207 5 0 13.3893
0 73 74795195 5 0 12.91
0 74 70336347 5 0 14.5
0 74 2564849 5 0 21.25
0 74 58371462 5 0 13.4258
0 74 4539546 4 0 17.3125
0 75 38616115 4 0 8.17
0 75 25934223 4 0 16.0469
0 75 6631360 5 0 16.0491
0 76 102208384 4 0 14.5
0 77 3791702 5 0 11.7748
0 77 3791707 5 0 11.3001
0 77 3791698 4 0 16.3021
0 78 46637499 4 0 8.66818
0 79 60145650 4 0 14.5
0 80 15944156 5 0 15.243
0 80 9484369 5 0 13.2947
0 80 15944076 5 0 16.7508
0 80 26688323 4 0 52.3976
0 80 4641698 5 0 13.5547
0 80 16531138 4 0 11.8778
0 80 16531054 4 0 32.3002
0 80 24951758 4 0 16.8586
0 80 9314811 5 0 17.125
0 80 26688327 5 0 10.7896
0 80 4641782 4 0 10.7891
0 80 26084610 5 0 13.6149
0 80 15944072 4 0 8.17
0 80 15944075 5 0 10.791
0 81 44583017 4 0 14.1625
0 81 21833032 5 0 28.9962
0 81 22013958 4 0 10.592
0 81 69121544 4 0 10.3118
0 82 65921200 4 0 14.5
0 82 3838746 5 0 13.9924
0 82 65921199 4 0 14.7401
0 82 3681179 4 0 43.0879
0 82 3681233 4 0 10.13
0 82 65921203 4 0 11.3861
0 82 52974738 4 0 16.625
0 82 3838743 4 0 18.4308
0 82 12483910 4 0 14.5
0 84 15274611 4 0 21.6807
0 85 22763239 5 0 11.3594
0 85 11518868 4 0 16.125
0 86 5567274 5 0 12.267
0 86 56047098 4 0 20.0781
0 86 75186392 4 0 16.5
0 86 38478945 5 0 20.125
0 86 3480024 4 0 11.075
0 87 45496285 5 0 17.136
0 87 28694959 5 0 14.6875
0 87 52373169 5 0 12.5
0 87 46307144 4 0 14.5
0 87 46066752 4 0 9.11495
0 89 19416463 5 0 11.2939
0 89 44863637 5 0 10.7999
0 90 3154344 4 0 8.17
0 90 24607593 4 0 28.1201
0 90 17230644 4 0 12.4627
0 90 3154045 4 0 39.8932
0 90 3154343 4 0 35.2567
0 90 3154825 5 0 16.05
0 90 11506796 4 0 15.7152
0 90 3154119 5 0 16.05
0 90 3154435 5 0 12.1458
0 90 17969411 5 0 32.2904
0 90 23805014 5 0 13.3912
0 90 1771091 5 0 14.5
0 90 3154436 5 0 16.05
0 90 3154909 4 0 13.1046
0 91 40286161 5 0 13.9877
0 91 40292245 4 0 49.5255
0 91 26559111 5 0 7.75918
0 91 35721326 5 0 8.17
0 91 40292248 5 0 16.1554
0 91 40286270 5 0 18.0932
0 91 40286269 4 0 16.14
0 91 35477361 5 0 15.6562
1 0 11909068 4 1 1
1 0 99372533 4 1 1
1 0 51060364 5 1 1
1 0 48788406 5 1 1
1 0 5319577 5 1 1
1 0 243207163 5 1 1
1 1 247998767 5 1 1
1 1 245845705 4 1 1
1 1 185353197 4 1 1
1 1 113119612 5 1 1
1 1 113119612 4 1 1
1 2 53115877 5 1 1
1 2 121576888 4 1 1
1 3 214004736 4 1 1
1 3 169373250 5 1 1
1 3 140930603 4 1 1
1 3 140343263 5 1 1
1 3 128575506 4 1 1
1 3 47835678 5 1 1
1 3 140920949 5 1 1
1 3 141314780 4 1 1
1 3 54991386 4 1 1
1 3 208278288 5 1 1
1 3 140226671 5 1 1
1 3 185609708 4 1 1
1 3 140226573 4 1 1
1 3 140226553 5 1 1
1 4 43268583 5 1 1
1 4 182150981 4 1 1
1 4 191193823 5 1 1
1 4 54370227 4 1 1
1 4 179626470 4 1 1
1 4 195146460 5 1 1
1 4 16710058 4 1 1
1 4 179818995 4 1 1
1 4 182108004 5 1 1
1 5 84271433 4 1 1
1 5 85615547 4 1 1
1 5 93641122 4 1 1
1 5 83004125 5 1 1
1 5 58486366 4 1 1
1 6 195289413 4 1 1
1 6 62644495 4 1 1
1 6 135410530 5 1 1
1 6 195291689 4 1 1
1 6 64578344 4 1 1
1 6 195291828 4 1 1
1 7 135067593 4 1 1
1 7 135037080 4 1 1
1 7 25261946 4 1 1
1 7 120986000 4 1 1
1 7 181627492 4 1 1
1 7 152271166 5 1 1
1 7 33212770 4 1 1
1 7 81675757 5 1 1
1 7 152271168 4 1 1
1 7 97757323 5 1 1
1 7 169992853 4 1 1
1 7 103739832 4 1 1
1 7 123294737 4 1 1
1 8 16322266 5 1 1
1 8 157915800 4 1 1
1 8 24206345 4 1 1
1 9 13999613 5 1 1
1 9 198397463 4 1 1
1 9 169309753 4 1 1
1 9 199436616 5 1 1
1 10 52090281 5 1 1
1 10 90299093 4 1 1
1 10 39075461 4 1 1
1 10 47060790 4 1 1
1 10 37584560 5 1 1
1 10 51425966 5 1 1
1 11 25084111 4 1 1
1 11 139332083 5 1 1
1 11 108790414 4 1 1
1 12 146192516 4 1 1
1 12 3609292 5 1 1
1 12 171000531 5 1 1
1 12 146179875 4 1 1
1 12 3436517 5 1 1
1 12 171621378 4 1 1
1 12 163450560 4 1 1
1 12 171621151 5 1 1
1 12 174407980 4 1 1
1 12 177662961 4 1 1
1 12 7550059 5 1 1
1 13 38308575 5 1 1
1 13 19729775 4 1 1
1 13 103647938 5 1 1
1 13 8467161 5 1 1
1 13 8639916 4 1 1
1 13 103688382 5 1 1
1 14 62336378 4 1 1
1 14 174604622 5 1 1
1 14 54962407 4 1 1
1 14 49131661 5 1 1
1 14 73597927 4 1 1
1 15 36179863 4 1 1
1 15 77831583 5 1 1
1 16 82398475 5 1 1
1 16 17709368 4 1 1
1 16 26463184 5 1 1
1 16 43826953 4 1 1
1 17 90157221 5 1 1
1 17 148326951 5 1 1
1 18 12586254 5 1 1
1 18 415355 4 1 1
1 18 118826290 5 1 1
1 18 118238269 4 1 1
1 18 106143549 5 1 1
1 18 2125473 4 1 1
1 18 12544768 4 1 1
1 18 522462 5 1 1
1 18 117993132 5 1 1
1 18 876761 4 1 1
1 19 149867312 5 1 1
1 19 127666682 5 1 1
1 19 123402148 5 1 1
1 19 106093954 4 1 1
1 19 57959727 4 1 1
1 19 149867255 4 1 1
1 19 141302880 4 1 1
1 19 138952462 5 1 1
1 20 51680896 4 1 1
1 20 52102342 5 1 1
1 20 46549111 5 1 1
1 20 49046517 5 1 1
1 20 51761078 4 1 1
1 20 49046439 4 1 1
1 20 48334316 4 1 1
1 20 118207667 5 1 1
1 20 46627009 4 1 1
1 20 84863212 5 1 1
1 21 7417168 5 1 1
1 21 6851558 4 1 1
1 23 14589789 4 1 1
1 23 1642147 5 1 1
1 23 1679890 5 1 1
1 23 14589800 5 1 1
1 23 14576603 5 1 1
1 23 13264662 4 1 1
1 23 12701886 4 1 1
1 23 1088620 4 1 1
1 23 14741500 5 1 1
1 23 13096020 5 1 1
1 23 1604383 5 1 1
1 23 31666433 4 1 1
1 23 1110457 5 1 1
1 23 1694911 4 1 1
1 23 1214433 5 1 1
1 23 14605258 5 1 1
1 23 1642459 4 1 1
1 24 49036778 5 1 1
1 25 78559413 5 1 1
1 25 114207203 4 1 1
1 25 36690241 5 1 1
1 25 93605901 4 1 1
1 25 91741986 5 1 1
1 25 78695308 5 1 1
1 25 103244022 5 1 1
1 26 83952777 5 1 1
1 26 86357475 5 1 1
1 26 86081703 4 1 1
1 26 83952771 4 1 1
1 26 96652868 5 1 1
1 26 96652952 4 1 1
1 26 81939375 5 1 1
1 26 81939499 4 1 1
1 26 81862552 5 1 1
1 26 81960343 4 1 1
1 26 83843591 4 1 1
1 26 122449786 4 1 1
1 26 81939476 5 1 1
1 26 81939364 5 1 1
1 26 84503827 4 1 1
1 26 85206932 5 1 1
1 26 82258218 5 1 1
1 26 123265116 5 1 1
1 26 85817292 5 1 1
1 26 81862639 5 1 1
1 26 85055726 5 1 1
1 26 86081697 4 1 1
1 26 113945183 4 1 1
1 26 96652825 4 1 1
1 26 85034053 4 1 1
1 26 85018167 4 1 1
1 26 85033919 4 1 1
1 26 84607768 4 1 1
1 26 83612054 5 1 1
1 26 96652795 5 1 1
1 26 82439152 5 1 1
1 26 84650512 5 1 1
1 26 85812174 5 1 1
1 26 85122794 5 1 1
1 26 82538663 5 1 1
1 26 90921256 5 1 1
1 26 85035008 5 1 1
1 27 53499296 4 1 1
1 28 92996483 5 1 1
1 28 82090838 5 1 1
1 29 28114359 5 1 1
1 30 55477238 4 1 1
1 30 47163005 5 1 1
1 31 4923648 4 1 1
1 32 67511880 4 1 1
1 32 75994209 4 1 1
1 32 66809476 5 1 1
1 32 66809843 4 1 1
1 32 67550735 5 1 1
1 32 70327228 4 1 1
1 32 69640732 4 1 1
1 32 56243408 5 1 1
1 32 67457361 5 1 1
1 32 64406077 4 1 1
1 32 55675247 5 1 1
1 32 52908742 5 1 1
1 32 55651524 5 1 1
1 32 64406041 5 1 1
1 32 66014985 4 1 1
1 32 55608301 5 1 1
1 33 33218030 4 1 1
1 33 51881394 5 1 1
1 33 7819875 4 1 1
1 33 50004525 4 1 1
1 34 58092420 5 1 1
1 34 28099490 4 1 1
1 34 58910003 4 1 1
1 34 25219841 4 1 1
1 34 53444919 4 1 1
1 34 38635403 5 1 1
1 34 57817368 5 1 1
1 36 61549349 4 1 1
1 36 36681331 4 1 1
1 36 76424424 4 1 1
1 36 36681367 4 1 1
1 38 48933165 4 1 1
1 38 26963449 5 1 1
1 38 23743835 4 1 1
1 38 36821204 4 1 1
1 39 1215387 4 1 1
1 39 12171344 4 1 1
1 40 57459844 4 1 1
1 40 71649217 5 1 1
1 40 57036243 5 1 1
1 40 70038501 4 1 1
1 40 56967633 5 1 1
1 45 215476 4 1 1
1 45 23207357 5 1 1
1 45 128309 5 1 1
1 46 28510331 4 1 1
1 46 23478970 5 1 1
1 47 157346013 5 1 1
1 47 245401346 4 1 1
1 47 109663980 5 1 1
1 47 239156604 4 1 1
1 47 248552552 4 1 1
1 48 129850093 4 1 1
1 48 32387659 5 1 1
1 48 207775663 5 1 1
1 48 154861060 4 1 1
1 48 141097551 5 1 1
1 48 170721835 5 1 1
1 48 129832781 5 1 1
1 48 32864288 4 1 1
1 48 169849025 4 1 1
1 48 32858523 4 1 1
1 48 2561880 5 1 1
1 49 94483531 4 1 1
1 49 176766086 5 1 1
1 49 66410376 4 1 1
1 49 36254637 4 1 1
1 49 102480213 5 1 1
1 49 94269542 5 1 1
1 49 94269516 4 1 1
1 49 176980940 5 1 1
1 49 158952460 4 1 1
1 49 100433574 4 1 1
1 49 63353415 5 1 1
1 49 36254604 4 1 1
1 49 245332669 5 1 1
1 50 73288620 5 1 1
1 50 74082054 4 1 1
1 50 158058633 5 1 1
1 50 135744451 4 1 1
1 50 136149220 5 1 1
1 50 135863129 5 1 1
1 50 39770830 5 1 1
1 50 134595197 5 1 1
1 50 136142220 5 1 1
1 50 73327432 5 1 1
1 50 135541457 5 1 1
1 50 136060280 5 1 1
1 50 147759321 4 1 1
1 50 136184262 5 1 1
1 50 76571087 5 1 1
1 50 147749637 5 1 1
1 50 160132660 5 1 1
1 50 136142345 5 1 1
1 50 101937788 4 1 1
1 50 74683180 4 1 1
1 50 135540523 4 1 1
1 50 136142494 4 1 1
1 50 137359098 4 1 1
1 50 1708968 4 1 1
1 50 149801793 5 1 1
1 50 134595264 5 1 1
1 50 74683175 5 1 1
1 50 135578079 5 1 1
1 50 76222929 4 1 1
1 50 167500689 5 1 1
1 50 188983593 4 1 1
1 51 89408976 5 1 1
1 51 77159693 5 1 1
1 51 189975730 4 1 1
1 51 116505352 5 1 1
1 52 63358538 4 1 1
1 52 61038506 4 1 1
1 52 61967249 5 1 1
1 52 63461308 4 1 1
1 52 78072924 4 1 1
1 52 63974145 5 1 1
1 52 62821768 5 1 1
1 52 68235282 4 1 1
1 52 61965854 5 1 1
1 52 61926235 4 1 1
1 52 60674631 4 1 1
1 52 69550916 4 1 1
1 52 61963047 4 1 1
1 52 78009529 4 1 1
1 52 62412659 4 1 1
1 52 63398799 4 1 1
1 52 65349460 5 1 1
1 52 63358526 5 1 1
1 52 60674492 5 1 1
1 52 128538593 5 1 1
1 52 203593334 4 1 1
1 52 61038625 4 1 1
1 52 60674373 4 1 1
1 52 60665536 4 1 1
1 52 66101236 5 1 1
1 52 62176192 5 1 1
1 52 63974025 4 1 1
1 52 75387332 5 1 1
1 52 75065500 4 1 1
1 52 76043477 5 1 1
1 52 63145004 5 1 1
1 52 68226321 5 1 1
1 52 62581744 4 1 1
1 52 61036856 4 1 1
1 52 137271341 5 1 1
1 52 29850095 4 1 1
1 52 61036761 5 1 1
1 52 63141340 5 1 1
1 52 62175850 4 1 1
1 52 75054074 5 1 1
1 52 62289428 5 1 1
1 52 61207353 4 1 1
1 53 114300274 5 1 1
1 53 114416087 4 1 1
1 53 114441297 4 1 1
1 53 86643124 5 1 1
1 54 24906005 4 1 1
1 54 196805661 5 1 1
1 54 24986393 5 1 1
1 54 201794272 4 1 1
1 54 104853544 4 1 1
1 54 190579488 4 1 1
1 54 141304592 5 1 1
1 54 63079868 4 1 1
1 54 60350008 4 1 1
1 54 22104698 4 1 1
1 54 190579497 5 1 1
1 54 24904737 4 1 1
1 54 59561014 4 1 1
1 54 169120301 5 1 1
1 54 201475789 5 1 1
1 54 24478484 5 1 1
1 54 143310910 5 1 1
1 55 142597243 4 1 1
1 55 116606974 4 1 1
1 55 129160897 4 1 1
1 55 158317236 5 1 1
1 55 162808389 4 1 1
1 55 126834982 4 1 1
1 55 116199003 4 1 1
1 55 133221576 4 1 1
1 56 60546281 4 1 1
1 56 60546289 4 1 1
1 56 61329704 5 1 1
1 56 56749014 4 1 1
1 56 152008955 5 1 1
1 56 152013475 5 1 1
1 56 152013484 4 1 1
1 56 151859568 5 1 1
1 58 73916156 4 1 1
1 58 30056289 4 1 1
1 58 22575017 5 1 1
1 58 23027985 4 1 1
1 58 119196820 5 1 1
1 58 10073024 4 1 1
1 58 163855661 4 1 1
1 58 61978747 4 1 1
1 58 22803917 4 1 1
1 59 115295844 5 1 1
1 59 87088667 4 1 1
1 59 180152356 4 1 1
1 59 162525119 5 1 1
1 59 167307633 5 1 1
1 59 100725964 5 1 1
1 59 167802638 5 1 1
1 59 91597797 4 1 1
1 59 115296122 4 1 1
1 60 71176447 4 1 1
1 60 176735982 4 1 1
1 60 52348953 5 1 1
1 61 60563717 4 1 1
1 61 74835634 5 1 1
1 61 56935295 4 1 1
1 61 69257041 5 1 1
1 61 69251203 4 1 1
1 61 46876727 4 1 1
1 61 61127712 4 1 1
1 61 87644970 5 1 1
1 61 61326296 5 1 1
1 62 42373821 5 1 1
1 63 17246397 5 1 1
1 63 96137541 4 1 1
1 63 16982412 4 1 1
1 63 16872166 4 1 1
1 63 82896613 5 1 1
1 63 110138395 5 1 1
1 63 28020801 4 1 1
1 63 96142295 4 1 1
1 63 17296933 4 1 1
1 63 110222725 5 1 1
1 63 16867694 5 1 1
1 64 59753489 4 1 1
1 65 85404844 4 1 1
1 65 96152514 5 1 1
1 65 64336485 4 1 1
1 65 124257510 5 1 1
1 65 96319600 5 1 1
1 65 55168256 5 1 1
1 65 46934612 4 1 1
1 65 67339405 4 1 1
1 65 54725489 4 1 1
1 65 42955322 4 1 1
1 65 56737001 5 1 1
1 65 54743424 4 1 1
1 65 56024872 4 1 1
1 65 85405158 4 1 1
1 65 86103530 4 1 1
1 65 98115174 5 1 1
1 65 96216580 5 1 1
1 65 97655079 4 1 1
1 65 77620214 5 1 1
1 65 96152530 4 1 1
1 65 40456902 4 1 1
1 66 123889951 5 1 1
1 66 81348818 5 1 1
1 66 123873196 4 1 1
1 66 123923241 5 1 1
1 66 81681395 5 1 1
1 66 81731913 4 1 1
1 66 122734235 4 1 1
1 66 122816516 4 1 1
1 66 122737597 4 1 1
1 67 101097923 5 1 1
1 67 32047162 5 1 1
1 67 49740946 4 1 1
1 67 146902210 4 1 1
1 67 27305406 5 1 1
1 67 44789001 4 1 1
1 67 24298417 5 1 1
1 67 58025178 5 1 1
1 67 11221920 4 1 1
1 67 40828832 4 1 1
1 67 70783235 4 1 1
1 68 129573811 5 1 1
1 68 146394229 4 1 1
1 68 117077001 4 1 1
1 68 145785941 5 1 1
1 68 107393837 5 1 1
1 68 143628691 4 1 1
1 68 129581636 4 1 1
1 68 71930688 5 1 1
1 69 58163680 4 1 1
1 69 108217305 5 1 1
1 69 77415647 4 1 1
1 69 58585221 4 1 1
1 69 53288481 4 1 1
1 69 75764609 5 1 1
1 69 93775291 5 1 1
1 69 64937790 5 1 1
1 69 64761968 4 1 1
1 69 65282799 5 1 1
1 69 87471009 5 1 1
1 69 107468341 4 1 1
1 69 71874832 4 1 1
1 69 65282882 5 1 1
1 69 77139019 5 1 1
1 69 108181138 5 1 1
1 69 77242408 4 1 1
1 69 61435249 4 1 1
1 69 108217214 5 1 1
1 69 93457902 5 1 1
1 69 58584892 4 1 1
1 69 75576360 4 1 1
1 69 77415371 4 1 1
1 70 105313050 4 1 1
1 70 57700679 4 1 1
1 70 109092371 5 1 1
1 70 58976100 5 1 1
1 70 2557658 4 1 1
1 70 61762408 5 1 1
1 70 121823914 4 1 1
1 70 94139443 4 1 1
1 70 94345058 4 1 1
1 70 108828880 5 1 1
1 70 113430423 5 1 1
1 70 118140815 5 1 1
1 70 108916532 4 1 1
1 71 79170170 5 1 1
1 71 68163014 5 1 1
1 71 68162968 5 1 1
1 71 71692449 4 1 1
1 72 83507941 4 1 1
1 72 93143130 5 1 1
1 73 87467494 4 1 1
1 73 74901442 4 1 1
1 73 12207244 4 1 1
1 73 20591999 4 1 1
1 75 25934312 4 1 1
1 75 38848015 4 1 1
1 75 50118702 5 1 1
1 75 38848211 4 1 1
1 75 25265824 4 1 1
1 76 88475047 4 1 1
1 78 46556996 5 1 1
1 79 73507383 5 1 1
1 80 4641632 4 1 1
1 80 15287427 4 1 1
1 80 16531136 5 1 1
1 80 26084159 4 1 1
1 80 26688256 4 1 1
1 80 25880513 4 1 1
1 80 15930418 4 1 1
1 80 15885320 4 1 1
1 80 4340193 5 1 1
1 80 9484378 5 1 1
1 81 22013769 5 1 1
1 81 45651692 5 1 1
1 82 3838871 4 1 1
1 82 3838805 4 1 1
1 82 3681173 5 1 1
1 82 65921194 4 1 1
1 83 30141296 5 1 1
1 83 42641066 4 1 1
1 83 45410422 4 1 1
1 83 43351056 4 1 1
1 85 22125079 4 1 1
1 86 3264363 4 1 1
1 87 46387540 5 1 1
1 87 45496259 5 1 1
1 89 26521158 4 1 1
1 89 31502396 4 1 1
1 90 11525252 4 1 1
1 90 3154040 5 1 1
1 91 26708138 4 1 1
1 91 26558956 5 1 1
1 91 40292196 4 1 1
1 91 40286288 5 1 1
