0 0 50478159 5 0 17.2259
0 0 50478340 4 0 11.9649
0 0 47562580 4 0 33.401
0 0 124346080 4 0 10.7722
0 0 27298493 5 0 12.875
0 0 50478206 5 0 55.0862
0 0 44857168 4 0 12.375
0 0 50478135 4 0 14.5
0 0 123457642 4 0 12.2058
0 0 155149515 5 0 20.1888
0 0 155149514 5 0 13.3893
0 0 102988457 5 0 17.8125
0 0 167487926 4 0 14.5
0 0 231652464 4 0 12.1875
0 0 137721346 4 0 14.5
0 0 39902458 5 0 10.7863
0 0 177599454 4 0 14.5
0 1 147059130 5 0 18.8125
0 1 1292219 5 0 18.3523
0 1 111126407 4 0 16.0233
0 1 161992330 4 0 18.4375
0 1 241389006 5 0 14.5625
0 1 26343919 5 0 11.53
0 1 183669674 4 0 9.76363
0 1 180168449 5 0 25.7509
0 1 98547146 5 0 13.5312
0 1 250558270 4 0 13.4688
0 1 186478788 5 0 12.0708
0 1 231777282 4 0 14.6719
0 1 27253989 5 0 21.4082
0 1 26343920 5 0 10.789
0 1 182222037 4 0 9.01857
0 1 183665919 4 0 14.6468
0 1 14557306 4 0 14.5
0 1 21580122 4 0 11.4844
0 1 123523376 5 0 14.5
0 1 180168448 5 0 13.39
0 2 136910624 5 0 16.2344
0 2 150919415 4 0 32.2983
0 2 151080083 4 0 32.3053
0 2 23029003 5 0 13.3135
0 2 136910629 4 0 18.8826
0 2 31233678 5 0 17.7656
0 2 23479978 4 0 16.05
0 2 149157362 5 0 14.5
0 2 250015619 4 0 11.4375
0 2 55334094 4 0 7.68325
0 2 257655572 4 0 18.0938
0 2 30026473 5 0 16.4291
0 2 27687201 5 0 13.3897
0 2 22092895 4 0 12.0371
0 2 197299716 4 0 11.9688
0 2 54670008 5 0 10.7922
0 2 52279181 5 0 14.2344
0 2 54009076 5 0 14.5
0 2 23637397 5 0 12.1982
0 2 64395306 5 0 16.0454
0 2 29112308 4 0 14.5
0 2 29270800 5 0 11.0424
0 2 29548748 4 0 12.91
0 2 66744906 4 0 7.786
0 2 29112310 5 0 10.9635
0 2 23187542 5 0 14.5
0 2 23479976 5 0 9.02999
0 2 66707591 4 0 16.1719
0 3 51830204 4 0 32.294
0 3 106683570 5 0 16.0406
0 3 69164811 4 0 9.13239
0 3 22341420 4 0 11.243
0 3 74683556 4 0 16.05
0 3 167200298 4 0 16.4002
0 3 5213320 4 0 11.1406
0 3 163573290 4 0 11.5625
0 3 243129772 4 0 16.0546
0 3 15070580 4 0 13.625
0 3 161769858 5 0 11.2688
0 3 175963791 4 0 9.4001
0 3 53381923 4 0 16.6875
0 3 74683555 4 0 15.2312
0 3 155012266 5 0 10.4488
0 3 66462323 4 0 7.88338
0 3 35293756 4 0 14.5
0 4 58899251 4 0 28.3078
0 4 129437827 4 0 22.2739
0 4 161622993 4 0 14.329
0 4 64093253 5 0 9.68187
0 4 123640615 4 0 19.2537
0 4 32941203 4 0 16.304
0 4 51788842 4 0 12.401
0 4 115337957 4 0 39.6719
0 4 133954036 5 0 14.5
0 4 114611494 4 0 26.2046
0 4 52131923 4 0 27.2978
0 4 102696189 4 0 13.39
0 4 102696190 4 0 10.7896
0 4 102696289 4 0 17.6154
0 4 87417527 5 0 16.9375
0 4 58899252 4 0 11.2017
0 4 147744136 4 0 14.5
0 4 166156807 5 0 19.53
0 4 61063774 4 0 17.1406
0 4 117396041 4 0 11.2029
0 4 58691626 4 0 14.5
0 4 148613361 4 0 14.5
0 4 165134526 5 0 12.91
0 4 161622906 5 0 10.13
0 4 120128898 4 0 20.6484
0 4 103829619 5 0 16.0487
0 4 161622912 4 0 13.3847
0 4 102696192 5 0 8.17
0 5 88345771 4 0 9.6752
0 5 131827976 4 0 13.5325
0 5 170824936 5 0 8.82837
0 5 200455427 5 0 14.5247
0 5 7759412 4 0 30.25
0 5 187929050 4 0 16.05
0 5 187929051 4 0 16.4002
0 5 187929048 4 0 28.4503
0 5 200455425 5 0 18.6323
0 5 168769916 4 0 21.125
0 5 131827978 4 0 16.0612
0 6 27422189 4 0 18.0167
0 6 86422005 4 0 17.8125
0 6 183179007 5 0 14.5
0 6 79465040 4 0 8.05792
0 6 73844129 4 0 8.26775
0 7 96912746 4 0 19.75
0 7 130976800 5 0 13.3125
0 7 163681823 5 0 17.9375
0 7 154690660 4 0 14.5
0 7 82580864 4 0 10.0341
0 8 192220504 4 0 14.5
0 8 170963655 5 0 30.0598
0 8 25636984 5 0 40.6547
0 8 187262731 5 0 15.7459
0 8 187226389 5 0 48.7792
0 8 194272651 5 0 19.1135
0 8 522066 4 0 19.5312
0 8 190652919 5 0 77.4852
0 8 185284240 4 0 20.4514
0 8 25808219 5 0 16.05
0 8 187330795 5 0 16.05
0 8 194272862 4 0 10.1618
0 8 190652923 4 0 15.8596
0 8 120634731 4 0 19.6875
0 8 170221093 4 0 50.0052
0 8 25636980 5 0 14.1744
0 8 187262775 5 0 15.3573
0 8 190653005 5 0 17.4583
0 8 25637216 4 0 10.79
0 8 170220999 4 0 18.9276
0 8 185745955 4 0 14.2909
0 8 198748250 5 0 9.72531
0 8 25808220 5 0 19.4013
0 8 181512649 5 0 21.6427
0 8 197844621 4 0 21.2963
0 8 679218 4 0 15.5781
0 8 183643181 4 0 26.7253
0 8 198476270 4 0 8.96074
0 8 187262774 4 0 13.3901
0 8 185183406 5 0 32.1351
0 8 190780000 5 0 10.79
0 8 187331143 5 0 11.7388
0 8 155976907 4 0 14.5
0 8 187330794 4 0 20.3784
0 8 193563991 4 0 14.689
0 8 25808221 5 0 15.5744
0 8 190653049 4 0 14.5
0 8 187262977 5 0 14.4504
0 8 185131012 5 0 28.0862
0 8 190780687 4 0 10.79
0 8 190652918 4 0 33.158
0 8 186095734 4 0 10.79
0 8 190652844 4 0 14.4167
0 8 170221024 4 0 12.8982
0 8 187262852 5 0 14.3944
0 8 186095793 5 0 15.2737
0 8 190653414 4 0 34.6365
0 8 170963651 5 0 23.7746
0 8 170964181 5 0 10.61
0 8 12181467 5 0 12.8672
0 8 187206149 5 0 12.192
0 8 170853660 4 0 12.2544
0 8 170221025 4 0 13.9346
0 8 170221106 5 0 13.1496
0 8 170221107 5 0 13.39
0 8 170980841 4 0 18.2075
0 8 170787351 4 0 8.53606
0 8 190653001 5 0 24.18
0 8 170221029 5 0 21.3121
0 8 180156719 5 0 9.48535
0 8 170988167 5 0 13.9946
0 8 168036277 5 0 8.48005
0 8 153167720 5 0 12.91
0 8 699464 4 0 16.3281
0 8 170221022 4 0 10.79
0 8 190653408 5 0 32.1001
0 8 181512651 4 0 8.17
0 8 170791949 5 0 11.1375
0 8 170791946 4 0 20.1529
0 8 185131007 5 0 21.8945
0 8 190653409 5 0 10.79
0 8 170221023 4 0 10.0338
0 8 184949755 4 0 13.471
0 8 187226387 4 0 10.79
0 8 159518356 4 0 26.8712
0 8 194272871 5 0 10.79
0 8 54476669 4 0 10.7845
0 9 17462463 5 0 27.7626
0 9 17462465 4 0 18.962
0 9 143194119 5 0 10.7933
0 9 87657466 5 0 36.0132
0 9 87796541 5 0 12.1621
0 9 7018384 4 0 11.5962
0 9 57905434 4 0 7.62522
0 9 4080988 5 0 13.6875
0 9 7018472 4 0 10.7788
0 9 87031438 5 0 14.5
0 9 15197043 5 0 32.3
0 9 3669073 4 0 7.59168
0 10 106716061 5 0 14.625
0 10 77181706 4 0 17.25
0 10 73196882 5 0 14.5
0 10 103609459 5 0 35.125
0 10 10426094 4 0 21.5625
0 10 91224227 4 0 17.375
0 10 171107957 4 0 10.7904
0 10 110142259 5 0 22.6875
0 10 93666777 5 0 8.27454
0 10 124521112 5 0 7.79298
0 10 27388673 5 0 10.8397
0 10 36199214 4 0 13.4683
0 11 55872283 5 0 14.5
0 11 160600162 4 0 7.92505
0 11 135295970 5 0 18.3438
0 11 160375785 4 0 9.03758
0 11 149416149 4 0 8.17
0 11 160371876 4 0 10.78
0 11 47921721 5 0 13.3763
0 12 85451099 5 0 14.5
0 12 138821262 5 0 14.5
0 12 145020900 4 0 14.9215
0 12 15476042 5 0 10.8438
0 12 3912911 5 0 10.7866
0 12 3621285 4 0 16.0648
0 13 110252111 5 0 10.6753
0 13 52303710 4 0 23.698
0 13 40659272 5 0 32.3
0 13 40659167 4 0 25.135
0 13 52436564 5 0 9.76535
0 13 42655807 4 0 16.0585
0 13 52414909 4 0 9.4091
0 13 110176911 5 0 20.402
0 13 40659271 4 0 8.27861
0 13 40659174 4 0 10.13
0 14 98938920 5 0 9.86889
0 14 102750314 4 0 10.9697
0 14 151977467 5 0 15.1875
0 14 158550304 5 0 12.4688
0 14 142560636 5 0 14.5
0 15 110838157 5 0 19.8331
0 15 10192133 5 0 14
0 15 31521822 5 0 32.2872
0 15 110838156 5 0 10.7899
0 15 10073976 4 0 13
0 16 38153804 4 0 36.002
0 16 53868976 4 0 11.3566
0 16 142267984 4 0 14.4136
0 16 38847267 5 0 14.8176
0 16 145215721 4 0 7.92571
0 16 42162395 5 0 32.3001
0 16 53868641 5 0 10.13
0 16 42162310 5 0 18.8289
0 16 50316734 4 0 7.88772
0 16 42234173 4 0 13.3901
0 16 38154142 4 0 16.2363
0 16 137097724 4 0 13.3907
0 16 38154136 5 0 36.6582
0 17 61577131 4 0 19.9688
0 17 127419866 4 0 31.7447
0 17 127419867 4 0 25.4043
0 17 13179054 5 0 14.4531
0 17 18630500 5 0 11.4
0 17 139440420 5 0 16.0367
0 17 100499650 5 0 20.5729
0 18 84091064 5 0 34.8125
0 18 50705169 5 0 17.167
0 18 107301841 5 0 8.17
0 18 9392620 5 0 16.0625
0 18 22974061 5 0 14.0625
0 18 37939889 4 0 54.1723
0 18 31474603 4 0 11.3805
0 18 110814567 5 0 25.82
0 18 50705165 4 0 10.13
0 18 50705170 4 0 15.4734
0 18 130745554 5 0 13.6484
0 18 50699355 4 0 539.029
0 18 17791497 4 0 13.4375
0 18 50705187 4 0 16.884
0 18 30910010 5 0 7.94027
0 18 123162381 5 0 7.58644
0 18 50705173 5 0 44.1221
0 18 15384056 5 0 16.0492
0 18 134982583 4 0 32.2968
0 18 130543487 4 0 10.7889
0 18 16498268 4 0 10.7805
0 18 110688547 4 0 10.8984
0 18 37939890 4 0 16.05
0 18 15914044 4 0 32.2998
0 18 16154561 5 0 10.7731
0 18 3158138 4 0 7.52108
0 19 126409826 5 0 10.4023
0 19 125634717 5 0 19.0625
0 19 57526534 5 0 8.94842
0 19 57628014 4 0 10.7661
0 20 38350934 5 0 15.25
0 20 10667824 4 0 14.5
0 20 140479676 4 0 24.3394
0 20 140476088 5 0 13.8239
0 20 99493372 5 0 18.4437
0 20 9085471 4 0 22.8924
0 20 140479678 5 0 26.7861
0 20 60693518 4 0 10.7731
0 20 70586085 4 0 10.7923
0 20 8639865 5 0 10.13
0 20 41753021 5 0 8.08059
0 20 65417709 4 0 14.5
0 20 99493363 5 0 16.05
0 20 36941362 4 0 13.1875
0 20 25132492 4 0 18.1875
0 21 60739013 5 0 11.5625
0 21 17940137 5 0 14.5
0 21 109829818 4 0 32.299
0 21 16095418 4 0 14.5
0 21 102995459 5 0 14.5
0 21 23162627 4 0 15.3828
0 21 28547900 4 0 16.4375
0 21 120251702 5 0 23.0756
0 21 118998675 4 0 33.4609
0 21 60596787 5 0 12.91
0 21 127303694 5 0 13.3895
0 21 32736502 4 0 33.5938
0 21 35001078 4 0 36
0 21 119395259 5 0 16.1836
0 21 120134185 5 0 9.79373
0 21 121827798 5 0 11.722
0 21 118320199 5 0 13.3292
0 21 32341647 4 0 14.5
0 21 119830336 4 0 13.3907
0 22 111316132 4 0 22.5625
0 22 110822779 4 0 11.31
0 22 46452890 5 0 16.0714
0 23 102819849 5 0 51.4473
0 23 60237849 4 0 17.0921
0 23 60849169 4 0 11.6455
0 23 131585604 4 0 10.8125
0 23 61592052 4 0 16.2127
0 23 52247752 4 0 11.1396
0 23 83904739 5 0 13.4219
0 23 70202153 5 0 9.07085
0 23 99763257 4 0 21.8289
0 23 113003159 4 0 11.4356
0 23 61167123 5 0 13.3897
0 23 102781735 5 0 14.5
0 23 64508673 5 0 9.32408
0 23 102545774 5 0 16.0508
0 23 69301226 4 0 8.3089
0 23 52603790 4 0 37.1787
0 23 21600246 5 0 34.9375
0 23 21840287 5 0 11.375
0 23 21906491 4 0 10.7822
0 23 99983232 4 0 14.8652
0 23 114995176 5 0 16.0502
0 23 80466400 4 0 23.7
0 23 86286004 4 0 8.17
0 23 70177558 5 0 14.5
0 23 73927538 4 0 13.3825
0 24 40508256 5 0 15.588
0 24 10026421 4 0 13.3892
0 24 119664252 5 0 10.7891
0 24 17858264 4 0 21.7372
0 24 40508253 4 0 23.52
0 24 26093169 4 0 19.1936
0 24 40508254 4 0 29.7756
0 24 17873416 4 0 33.1152
0 24 24082051 5 0 16.1836
0 24 132580158 4 0 14.5
0 24 40508256 4 0 10.79
0 24 152961287 4 0 10.6293
0 24 17818305 5 0 32.2999
0 24 24089376 4 0 32.3005
0 25 53211251 4 0 16.0521
0 25 26468769 4 0 12.9826
0 25 23693439 4 0 14.9386
0 25 26468770 5 0 30.5173
0 25 97098113 5 0 17.375
0 25 26468980 5 0 15.7707
0 25 53295140 5 0 16.0648
0 26 111464630 4 0 19.6774
0 26 101158977 5 0 15.9688
0 26 102226541 5 0 16.0498
0 26 73460166 4 0 18.75
0 26 18248744 5 0 32.2934
0 26 26476755 5 0 7.58892
0 27 54120337 4 0 15.4062
0 27 6564135 4 0 16.25
0 28 17125418 4 0 11.6875
0 28 52073985 5 0 16.375
0 28 40266574 5 0 23.4688
0 29 39462750 4 0 18.2495
0 29 13383639 5 0 13.4024
0 29 38493761 4 0 10.79
0 30 99980752 5 0 10.7944
0 30 78648229 5 0 14.22
0 30 78648230 5 0 35.6571
0 30 11623512 4 0 21.5
0 30 99980748 4 0 16.2681
0 30 81695744 4 0 8.27147
0 31 46954186 4 0 37.3242
0 31 42155465 5 0 16.5273
0 31 45454858 5 0 13.5524
0 31 41349331 4 0 22.842
0 31 41349326 5 0 11.4597
0 31 41797160 5 0 7.60269
0 32 52530547 5 0 9.73654
0 32 51776654 4 0 11.8438
0 32 49900188 5 0 12.91
0 32 24036422 4 0 11.0977
0 32 11188085 4 0 21.5401
0 32 10081866 4 0 37.2246
0 32 11188084 4 0 13.3896
0 33 53149100 5 0 12.5093
0 33 54265321 5 0 14
0 33 6685956 5 0 10.5456
0 33 53949968 5 0 15.9523
0 33 55793579 5 0 14.5
0 34 52517669 5 0 14
0 35 69436318 4 0 14.5
0 35 57799912 5 0 10.7573
0 35 68029872 4 0 14.5
0 35 70899670 5 0 18.7344
0 35 57044089 5 0 16.0552
0 35 69013549 5 0 8.84539
0 36 63847259 4 0 30.75
0 36 21518450 5 0 15.6833
0 36 75579705 5 0 10.3685
0 37 15462240 4 0 12.043
0 37 25865123 4 0 11.31
0 37 25498052 5 0 10.13
0 37 74232940 5 0 11.3281
0 38 24878249 5 0 14.5
0 38 32499660 5 0 15.7725
0 38 32499368 4 0 32.2981
0 39 60784940 4 0 12.91
0 39 22553785 5 0 11.875
0 39 4948449 5 0 12.4054
0 39 74982635 5 0 14.6719
0 39 48227398 4 0 15.629
0 39 43906910 5 0 14.5
0 41 25747125 5 0 16.1172
0 41 37674540 4 0 13.9484
0 41 37674589 4 0 12.4017
0 41 37674542 5 0 10.7904
0 41 44979535 4 0 10.9922
0 41 37674543 5 0 13.39
0 42 48320153 4 0 13.384
0 42 32916139 4 0 10.9835
0 42 45017182 4 0 15.857
0 43 12395480 4 0 15.3125
0 43 21768317 5 0 17.6631
0 43 22353091 4 0 7.69964
0 43 21768340 5 0 10.8078
0 44 39056989 5 0 11.0725
0 44 33291442 4 0 14.5
0 45 45458989 5 0 10.7886
0 45 46755729 5 0 17.2188
0 45 45458985 4 0 21.0708
0 46 56228269 4 0 48.5948
0 46 56228270 5 0 36.5582
0 46 236548314 5 0 13.3916
0 46 236548304 5 0 16.0771
0 46 56228268 4 0 35.6658
0 46 231074697 5 0 9.5753
0 46 155599048 4 0 14.5
0 46 56228268 5 0 23.527
0 46 143237918 4 0 32.2716
0 46 155599045 4 0 13.4207
0 46 143237921 5 0 10.79
0 46 143240216 4 0 7.93244
0 46 197300489 5 0 32.3095
0 46 235987442 4 0 14.5
0 46 218803274 5 0 8.87391
0 47 35986316 4 0 14.5
0 47 23865853 5 0 12.5938
0 47 24810732 5 0 15.2682
0 47 35391769 5 0 35.3312
0 47 177468706 5 0 8.13525
0 47 2049729 5 0 8.50326
0 47 52552103 5 0 16.9375
0 47 129669426 4 0 14.5
0 47 24810821 4 0 24.5891
0 47 34077854 5 0 10.7887
0 47 24810818 5 0 14.411
0 47 16454541 5 0 10.9437
0 47 4936621 5 0 10.13
0 47 29795899 4 0 14.5
0 48 55565374 4 0 16.05
0 48 39661600 4 0 41.1981
0 48 67437433 5 0 31.3438
0 48 38593681 5 0 15.7383
0 48 126735199 4 0 14.8504
0 48 38589000 5 0 19.3848
0 48 38479260 4 0 16.9062
0 48 38554470 4 0 47.1767
0 48 38863039 4 0 20.1944
0 48 31611521 4 0 19.6748
0 48 31077593 5 0 17.6084
0 48 38862956 4 0 12.4898
0 48 55565370 4 0 40.2812
0 48 38589119 4 0 34.9814
0 48 49366806 5 0 13.3902
0 48 26950514 5 0 50.103
0 48 249685434 5 0 7.69883
0 48 38554471 4 0 45.7462
0 48 55565371 4 0 12.7351
0 48 38554473 5 0 10.79
0 48 126735102 5 0 16.0492
0 48 55663385 4 0 14.2187
0 48 31077588 4 0 13.39
0 48 38554474 5 0 34.6643
0 48 31077584 4 0 12.3814
0 48 50748857 5 0 16.7627
0 48 38554525 4 0 14.16
0 48 55565373 4 0 20.7548
0 48 166754292 5 0 10.13
0 49 165574404 5 0 12.375
0 49 214978813 5 0 23.3125
0 49 150380774 5 0 32.375
0 49 213739757 4 0 49.9279
0 49 84351797 4 0 33.2633
0 49 78460016 5 0 17.2812
0 49 85654286 4 0 16.064
0 49 83661979 5 0 14.5
0 49 107384771 5 0 12.1875
0 49 164704971 5 0 16.4505
0 49 208606169 5 0 12.0625
0 49 89082525 4 0 12.91
0 49 33776311 4 0 32.298
0 49 213739850 4 0 10.79
0 49 151464183 5 0 14.5
0 49 79191296 4 0 9.96647
0 49 229082696 5 0 16.0644
0 49 214119406 5 0 32.3
0 49 123611418 4 0 17.5938
0 49 214119569 4 0 8.44477
0 49 87369354 4 0 14.5
0 49 121783811 5 0 25.2926
0 50 166056484 4 0 20.2207
0 50 77544219 5 0 13.582
0 50 113758059 4 0 10.9171
0 50 91277636 4 0 12.3438
0 50 87179007 5 0 10.7913
0 50 115961062 5 0 47.5642
0 50 77414910 5 0 22.3513
0 50 88167229 4 0 8.61879
0 50 115961000 5 0 20.8763
0 50 91277645 5 0 13.7656
0 50 87631902 5 0 9.24243
0 50 78251702 5 0 14.7938
0 50 78251698 4 0 32.2978
0 50 166056487 5 0 32.3105
0 50 92811168 5 0 8.75932
0 50 77414911 5 0 16.055
0 50 87328051 5 0 10.6462
0 50 191995635 5 0 11.4925
0 50 79342515 4 0 12.91
0 50 102545427 5 0 11.2523
0 50 55458139 5 0 10.79
0 50 115960996 5 0 10.8009
0 51 25651944 5 0 15.5773
0 51 25651940 4 0 10.79
0 51 23676342 5 0 7.74955
0 51 182871433 5 0 13.4476
0 51 25651941 4 0 13.3831
0 52 157371015 4 0 10.8535
0 52 13311503 4 0 10.0395
0 52 5608517 4 0 29.1875
0 52 169214105 5 0 16.9142
0 52 5508157 4 0 11.875
0 52 180566574 5 0 16.125
0 52 60906136 4 0 10.7882
0 52 163805542 5 0 32.1
0 52 168647949 5 0 15.3281
0 52 146288401 4 0 11.875
0 52 15942301 5 0 12.257
0 52 110000125 5 0 14.5
0 52 176572649 4 0 9.80456
0 52 169451169 4 0 32.2995
0 52 60760915 4 0 14.5
0 52 60025962 5 0 23.0742
0 52 60907350 5 0 14.5
0 53 78914958 4 0 16.1875
0 53 66438246 4 0 13.1296
0 53 37171648 4 0 18.3125
0 53 66438322 5 0 50.0468
0 53 155032528 5 0 14.5
0 53 154195827 4 0 13.39
0 53 89259377 5 0 9.23609
0 54 204173741 4 0 19.6094
0 54 190127429 4 0 47.004
0 54 74409655 4 0 10.7879
0 54 175818389 4 0 16.9942
0 54 175818388 4 0 19.3229
0 54 54248885 5 0 16.031
0 54 54248799 5 0 16.125
0 54 129541020 5 0 45.0939
0 54 76794756 5 0 12.91
0 54 160223165 4 0 32.7812
0 54 196416471 5 0 12.7169
0 54 105280895 5 0 10.7825
0 54 145691771 4 0 13.3929
0 54 128778665 5 0 11.8126
0 54 150902664 5 0 7.53668
0 54 95191995 5 0 17.2674
0 54 201407803 5 0 11.3019
0 54 175818387 4 0 15.4008
0 54 134606917 4 0 9.4627
0 54 129541019 5 0 16.05
0 54 202841958 5 0 9.04404
0 54 150902800 5 0 21.9356
0 54 81212351 5 0 16.5469
0 54 150902799 5 0 576.008
0 54 157078731 4 0 16.0534
0 54 154424159 5 0 12.5312
0 54 190127198 4 0 10.79
0 54 150675698 4 0 22.3966
0 54 190115879 5 0 15.6948
0 54 190127230 4 0 32.1124
0 54 175818384 4 0 32.2978
0 54 190605466 4 0 14.5907
0 54 190127311 5 0 15.0694
0 54 182099183 4 0 14.5
0 54 136752812 5 0 14.5
0 54 202786297 5 0 14.5
0 54 54248798 5 0 15.2634
0 54 150902623 5 0 11.0904
0 54 41777050 4 0 13.9375
0 54 190115878 4 0 13.39
0 54 54318421 4 0 10.798
0 54 190130217 4 0 16.05
0 54 29963248 4 0 13.4013
0 54 204191431 4 0 17.7344
0 54 132147563 5 0 14.5
0 55 72154878 5 0 10.8082
0 55 80245771 5 0 19.4163
0 55 72154877 5 0 21.8996
0 55 141982914 4 0 10.7725
0 55 143429789 4 0 14.5
0 55 80245770 4 0 32.2712
0 56 23479477 4 0 17.5508
0 56 22503531 5 0 31.7587
0 56 12008464 5 0 7.57035
0 56 11943692 5 0 23.3535
0 56 23478791 4 0 11.8828
0 56 17783233 5 0 14.5
0 56 129366175 5 0 7.99009
0 56 113164773 5 0 16.0261
0 56 27618517 4 0 10.13
0 56 61201541 5 0 19.875
0 56 129076379 5 0 9.19021
0 56 22820988 4 0 10.1945
0 57 129589400 4 0 16.05
0 57 130092158 5 0 18.125
0 57 131399834 5 0 12.0625
0 57 117808247 5 0 18.6875
0 57 129589402 5 0 16.7083
0 57 119143052 5 0 12.9559
0 57 130658664 5 0 22.5778
0 57 129589271 4 0 15.4386
0 57 130508353 4 0 10.9126
0 57 50975092 5 0 14.625
0 57 141524933 4 0 15.8941
0 57 119142827 5 0 12.7091
0 57 130658621 4 0 10.79
0 57 141511112 4 0 17.971
0 57 131567385 5 0 12.91
0 57 141511186 4 0 13.39
0 57 119080696 5 0 8.72207
0 58 51587304 5 0 15.2523
0 58 53139436 4 0 24.3382
0 58 67153356 5 0 12.5625
0 58 54437397 5 0 10.951
0 58 116859201 5 0 10.7919
0 58 52729412 4 0 7.96238
0 58 53013354 4 0 8.78081
0 58 52786826 4 0 14.5
0 58 51587301 4 0 13.3721
0 58 52402814 4 0 21.9532
0 58 52045037 5 0 10.9048
0 58 53560745 4 0 13.7281
0 58 52795736 5 0 13.1206
0 58 140420542 5 0 8.79531
0 58 53633766 4 0 12.313
0 58 52045121 4 0 10.79
0 58 134618707 4 0 21.625
0 58 166394501 4 0 11.7509
0 58 53131315 4 0 11.3961
0 58 53539281 5 0 10.79
0 58 64614571 4 0 9.31065
0 58 53239489 5 0 10.13
0 58 52810918 5 0 7.66283
0 58 159710985 4 0 16.125
0 58 178172511 4 0 14.5
0 58 141978101 4 0 20.3963
0 58 52895220 4 0 16.4106
0 58 148382053 5 0 16.0553
0 58 141978105 5 0 8.17
0 58 53153159 4 0 16.05
0 58 123881797 5 0 8.17
0 58 65958693 5 0 8.91516
0 59 165037504 5 0 7.71028
0 59 17107893 4 0 29.0316
0 59 17107900 4 0 19.4074
0 59 63616324 5 0 17.8438
0 59 44067650 4 0 19.7344
0 59 165812250 5 0 23.2892
0 59 17107812 5 0 28.1643
0 59 166524210 5 0 13.387
0 59 1786567 5 0 16.0631
0 60 139837389 5 0 15.5568
0 60 117566182 4 0 13.691
0 60 117566184 5 0 12.567
0 60 160936001 5 0 12.9731
0 60 117566183 4 0 40.47
0 60 127262297 5 0 32.3104
0 60 139837469 4 0 10.7913
0 60 103507028 5 0 11.2032
0 60 12561312 4 0 23.25
0 60 118136977 5 0 14.5
0 60 119217706 4 0 13.903
0 60 161702370 4 0 17.5961
0 60 103507029 5 0 10.797
0 60 420668 5 0 14.5
0 60 117730420 5 0 9.88158
0 61 107456638 5 0 10.9865
0 61 13545149 5 0 15.5938
0 61 103886940 4 0 8.17
0 61 105374365 4 0 10.787
0 61 107456642 4 0 16.0566
0 61 25377442 5 0 14.5
0 61 103886941 4 0 16.0518
0 62 82133245 5 0 14.5425
0 62 59080277 4 0 33.7306
0 62 95771070 5 0 11.897
0 62 82121349 5 0 26.5802
0 62 82356712 4 0 24.2452
0 62 82121361 4 0 11.3775
0 62 95771178 5 0 14.5
0 62 82091845 4 0 12.9443
0 62 81551154 4 0 19.7539
0 62 82092408 4 0 11.1138
0 62 85488421 4 0 10.7987
0 62 81357040 4 0 16.05
0 62 70380970 4 0 16.8379
0 62 16730296 5 0 14.5
0 62 81357039 4 0 12.91
0 62 90547399 4 0 15.3259
0 62 81347120 4 0 12.1281
0 62 95494165 4 0 12.7382
0 62 81347067 4 0 14.0176
0 62 82359268 5 0 18.4943
0 62 81618028 4 0 16.6799
0 62 81669923 4 0 23.0212
0 62 81669924 4 0 10.7893
0 62 81618066 4 0 15.4204
0 62 62695469 5 0 13.389
0 62 82359271 4 0 21.0216
0 62 40346440 4 0 8.83969
0 62 95494107 5 0 12.2129
0 62 82091849 5 0 18.6566
0 62 59080193 5 0 10.9323
0 62 82361131 5 0 9.08917
0 62 81492554 5 0 14.5
0 62 103112184 4 0 11.1473
0 62 40352829 5 0 10.7853
0 62 81618030 4 0 10.7901
0 63 17713155 5 0 30.7825
0 63 78571187 5 0 18.3906
0 63 90053421 5 0 13.3975
0 63 8883209 4 0 10.8125
0 63 77254603 4 0 20.4375
0 63 17713152 4 0 65.548
0 63 17712945 4 0 7.61826
0 63 14850154 4 0 10.79
0 63 14850153 4 0 18.9416
0 63 10352956 5 0 22.875
0 63 76942697 5 0 13.4136
0 63 2749869 4 0 8.17
0 63 19129261 5 0 32.3273
0 63 39757101 4 0 8.36454
0 63 17713151 4 0 13.39
0 64 139337213 5 0 15.3927
0 64 111503331 4 0 22.1568
0 64 110838096 4 0 13.3086
0 64 111503330 5 0 13.3901
0 64 62024107 4 0 8.81387
0 64 139337307 5 0 15.7699
0 64 51384013 4 0 16.0572
0 65 143984140 4 0 9.51466
0 65 144096595 5 0 14.449
0 65 4113754 5 0 30.9861
0 65 4113829 4 0 14.856
0 65 3914424 5 0 13.9142
0 65 153403186 4 0 31.5285
0 65 29290318 4 0 12.373
0 65 41349808 5 0 14.5
0 65 7852292 4 0 17.8125
0 65 3725034 4 0 10.534
0 65 38222827 5 0 16.0509
0 65 145750938 5 0 14.5
0 65 3245578 5 0 24.22
0 65 29449607 5 0 16.1639
0 65 29523795 5 0 10.7899
0 65 154138469 5 0 8.53399
0 65 26181999 4 0 14.5
0 65 29745156 4 0 14.5
0 65 103105724 4 0 14.5
0 67 100149333 4 0 12.5818
0 67 86939359 4 0 10.5435
0 67 99389030 5 0 16.0504
0 67 111957139 4 0 9.75188
0 67 100536050 5 0 14.5
0 67 100152833 4 0 16.7923
0 67 125814276 5 0 10.7859
0 67 100149331 5 0 10.79
0 67 112708082 5 0 16.0496
0 67 111465796 4 0 16.0504
0 68 16348826 4 0 13.3651
0 68 103528106 4 0 31.336
0 68 96441761 4 0 32.2993
0 68 121648252 5 0 11.0209
0 68 33493062 5 0 11.375
0 68 96441669 5 0 12.91
0 68 115777071 4 0 11.31
0 68 103528105 4 0 12.91
0 68 3568481 5 0 8.82238
0 69 92513999 4 0 11.7919
0 69 78200181 5 0 14.5625
0 69 38940087 5 0 13.3903
0 69 111597326 5 0 12.3161
0 69 110054176 5 0 28.8032
0 69 114190020 5 0 13.3776
0 69 110879497 5 0 11.3125
0 69 27774304 5 0 10.7929
0 70 42240659 4 0 19.5625
0 70 134323555 5 0 17.6297
0 70 26772484 5 0 17.9255
0 70 26765649 5 0 14.5
0 70 18171964 5 0 10.7846
0 70 97171506 5 0 7.93265
0 70 99583603 5 0 20.2857
0 70 39417648 4 0 8.68178
0 70 50189813 5 0 32.3074
0 70 39494274 5 0 11.1016
0 70 72290042 4 0 10.7917
0 71 28391099 5 0 32.1455
0 71 28391100 5 0 55.9005
0 71 28391184 5 0 42.239
0 71 22515485 5 0 14.5
0 71 69794867 5 0 31.1172
0 71 48149890 4 0 34.9586
0 71 109063017 4 0 32.1951
0 71 28391181 4 0 40.23
0 71 109062934 5 0 20.7589
0 71 61559869 4 0 54.2301
0 71 9941999 4 0 16.25
0 71 28391101 5 0 21.3022
0 71 69794698 4 0 7.94806
0 71 28391104 4 0 14.957
0 71 108739297 4 0 7.94798
0 71 61559478 5 0 13.4489
0 71 27909047 5 0 9.55037
0 73 88304110 5 0 14.5
0 73 88305502 5 0 14.5625
0 73 34732126 4 0 11.0706
0 73 34732121 5 0 8.17
0 73 83233875 5 0 13.25
0 73 12230558 4 0 16.375
0 73 42842693 4 0 9.72671
0 74 23329211 5 0 16.9166
0 74 69244812 5 0 18.1806
0 74 86761477 5 0 8.04308
0 74 23329983 4 0 71.4834
0 74 42882655 5 0 20.7694
0 74 99930428 4 0 9.40588
0 74 93822391 4 0 9.65979
0 74 42882651 5 0 28.0244
0 74 69244736 4 0 12.124
0 74 87817331 5 0 14.2842
0 74 86568816 4 0 9.13962
0 74 42882648 5 0 10.7863
0 75 98190055 5 0 27.6447
0 75 103403843 5 0 10.7912
0 75 82421869 4 0 14.5
0 75 73981841 5 0 16.2959
0 75 73981964 5 0 10.2266
0 75 98190056 5 0 13.4055
0 75 36700877 5 0 32.3007
0 75 82555224 4 0 14.5
0 75 98189866 5 0 10.79
0 76 47438048 5 0 16.8789
0 76 45499896 5 0 33.0723
0 76 99830023 5 0 9.19133
0 76 43612315 5 0 16.5288
0 76 99830326 4 0 16.2592
0 76 99830328 5 0 14.2889
0 76 43612262 4 0 13.3892
0 76 43612886 5 0 11.0457
0 76 92562936 4 0 13.5625
0 76 47158922 5 0 12.91
0 76 99830329 5 0 10.13
0 76 42592702 4 0 24.9403
0 76 46109743 4 0 12.91
0 77 17112563 5 0 13.0703
0 77 69002520 5 0 539.001
0 77 17112650 4 0 48.5309
0 77 93886641 5 0 13.3949
0 77 93886608 4 0 14.3438
0 77 32326617 5 0 10.9688
0 77 53233839 4 0 16.05
0 77 31830044 4 0 12.36
0 77 56889521 4 0 8.10069
0 77 31683154 5 0 13.3857
0 78 75428462 4 0 11.3125
0 78 100330649 5 0 25.012
0 79 54116857 4 0 14.5572
0 79 17225197 5 0 8.17
0 79 17383044 5 0 14.2354
0 79 17371644 5 0 31.3342
0 79 17371641 4 0 13.39
0 79 51941912 5 0 37.3657
0 79 17225268 5 0 11.3484
0 79 17415073 4 0 18.8049
0 79 42563838 5 0 20.6858
0 79 17370922 4 0 40.17
0 79 17500236 5 0 10.1362
0 79 17383097 5 0 23.7
0 79 17370924 5 0 12.4184
0 79 51958969 4 0 15.4814
0 79 17415072 4 0 22.8865
0 79 56278860 4 0 14.5
0 79 51941994 4 0 29.7848
0 79 17391557 5 0 18.1904
0 79 17993752 4 0 17.8601
0 79 18006054 4 0 16.0501
0 79 51837789 5 0 15.6632
0 79 17370921 4 0 18.96
0 79 17225166 5 0 13.39
0 79 28930083 4 0 20.7617
0 79 17391611 5 0 12.2821
0 79 39887633 5 0 8.17
0 79 30206501 4 0 14.5
0 79 17415070 4 0 14.5
0 79 41472861 4 0 11.8482
0 79 1128076 5 0 22.3483
0 79 41553054 4 0 14.1409
0 79 15900465 5 0 65.5184
0 79 28797282 5 0 34.2046
0 79 28797277 4 0 13.39
0 79 17371870 5 0 14.5
0 79 43020051 5 0 7.71995
0 79 3832853 5 0 10.7901
0 79 3832853 4 0 10.7899
0 79 17382919 5 0 82.1406
0 79 17370906 4 0 22.5732
0 79 16924650 5 0 14.5513
0 79 16924651 5 0 15.6245
0 79 17369644 4 0 10.79
0 79 17472101 5 0 11.6014
0 79 18013403 5 0 10.13
0 79 51941993 4 0 12.6046
0 79 15752593 4 0 10.0749
0 79 17391612 5 0 11.4568
0 79 17372025 5 0 14.1107
0 79 17462332 5 0 9.60312
0 79 55528998 5 0 13.3863
0 79 41553112 5 0 8.20529
0 80 61136053 5 0 11.2845
0 80 11419912 4 0 21.0703
0 80 61135991 4 0 41.34
0 80 57911605 5 0 14.4688
0 80 57274484 4 0 14.0859
0 80 13848077 5 0 14.5
0 81 39672422 5 0 28.7427
0 81 37565136 5 0 14.0938
0 81 46754891 4 0 26.9654
0 81 46754890 4 0 32.3071
0 81 47630372 4 0 13.3891
0 81 72679142 4 0 8.17
0 82 2909834 5 0 17.0625
0 82 23476441 5 0 21.4617
0 82 11652686 5 0 21.7699
0 82 23354073 4 0 14.872
0 82 18901014 5 0 7.60972
0 82 21306000 5 0 13.7578
0 82 23560445 5 0 27.7382
0 82 30174945 4 0 13.3897
0 82 23353829 5 0 17.2606
0 82 55105326 5 0 14.5
0 82 65833115 5 0 16.0524
0 82 23866429 4 0 14.0553
0 82 24932963 5 0 15.1605
0 82 22632063 4 0 8.65227
0 82 24947049 4 0 11.3829
0 82 24981129 5 0 24.8899
0 82 23558396 5 0 14.5
0 82 23560443 4 0 10.13
0 82 23558323 4 0 13.3891
0 82 22631868 4 0 13.39
0 82 23560411 4 0 12.4206
0 82 23476289 5 0 10.79
0 82 23866432 5 0 13.3908
0 82 24959269 4 0 8.05218
0 82 23866433 5 0 8.17
0 82 55223044 5 0 10.7766
0 82 23560653 5 0 8.31644
0 83 9235406 4 0 16.0255
0 83 21014981 5 0 10.79
0 83 21014979 4 0 32.3
0 83 9235416 4 0 13.4854
0 83 42117515 4 0 14.6474
0 83 9235398 4 0 17.4943
0 83 42117516 4 0 43.5542
0 83 19701601 4 0 16.25
0 83 42117520 5 0 10.79
0 84 30297358 4 0 11.3794
0 84 30297357 4 0 23.1776
0 84 30302043 4 0 13.3871
0 84 42911592 4 0 14.5
0 85 23992197 4 0 17.6406
0 85 60577766 5 0 16.5625
0 85 10881668 4 0 14.5
0 85 44492673 5 0 14.5
0 88 27177478 4 0 15.2812
0 88 8572218 5 0 13.3915
0 88 36754160 4 0 14.5
0 90 19777306 4 0 23.2881
0 90 19777307 4 0 20.0345
0 90 28435808 4 0 14.5
0 90 7073465 4 0 16.1029
0 90 19777308 4 0 16.0524
0 90 4302731 4 0 13.3593
1 0 112149460 4 1 1
1 0 42445426 5 1 1
1 0 40018112 4 1 1
1 0 42558892 4 1 1
1 0 50478290 4 1 1
1 1 186478519 4 1 1
1 1 22373533 4 1 1
1 1 187163553 4 1 1
1 1 36890058 4 1 1
1 1 1292218 5 1 1
1 1 182222048 5 1 1
1 1 180168471 5 1 1
1 1 111126335 4 1 1
1 1 183669675 4 1 1
1 1 9568902 4 1 1
1 1 22082769 4 1 1
1 1 9574782 5 1 1
1 2 249885854 5 1 1
1 2 21978729 4 1 1
1 2 30590200 5 1 1
1 2 208296894 4 1 1
1 2 30026389 4 1 1
1 2 30026384 5 1 1
1 2 22815471 4 1 1
1 2 181953738 5 1 1
1 2 194927511 5 1 1
1 2 53499876 5 1 1
1 2 23479808 5 1 1
1 2 40182715 5 1 1
1 2 30026458 5 1 1
1 2 250047151 5 1 1
1 3 90284234 5 1 1
1 3 68465102 4 1 1
1 3 15070621 4 1 1
1 3 15201607 5 1 1
1 3 53382167 4 1 1
1 3 69144749 5 1 1
1 3 22341457 4 1 1
1 3 118658811 4 1 1
1 3 18632252 5 1 1
1 3 18141860 4 1 1
1 4 141279058 5 1 1
1 4 134580622 5 1 1
1 4 123552448 4 1 1
1 4 134601735 5 1 1
1 4 75939130 5 1 1
1 4 165134531 4 1 1
1 4 88233963 5 1 1
1 4 147989671 4 1 1
1 4 64089263 5 1 1
1 4 32380699 5 1 1
1 4 114611494 4 1 1
1 5 187929021 5 1 1
1 5 170824946 5 1 1
1 5 178371979 4 1 1
1 5 131828003 5 1 1
1 5 88178078 4 1 1
1 6 183176339 4 1 1
1 6 75950919 4 1 1
1 6 190316268 4 1 1
1 6 196942213 5 1 1
1 7 130344821 4 1 1
1 7 96912798 5 1 1
1 7 97538295 5 1 1
1 7 38482625 5 1 1
1 7 140929944 5 1 1
1 7 59319671 4 1 1
1 8 170853642 4 1 1
1 8 170792427 5 1 1
1 8 26253295 5 1 1
1 8 170221017 5 1 1
1 8 194272807 4 1 1
1 8 185752307 4 1 1
1 8 183643179 5 1 1
1 8 186526975 4 1 1
1 8 54565473 4 1 1
1 8 11972379 5 1 1
1 8 192220414 4 1 1
1 8 25636954 5 1 1
1 8 190653466 4 1 1
1 8 190780953 4 1 1
1 8 12174831 5 1 1
1 8 185284237 4 1 1
1 8 186090270 4 1 1
1 8 181512531 5 1 1
1 8 170221002 5 1 1
1 8 170970606 4 1 1
1 9 87796498 4 1 1
1 9 87175625 5 1 1
1 9 17462363 4 1 1
1 9 29316019 4 1 1
1 10 10426098 5 1 1
1 10 124521069 4 1 1
1 10 110142109 4 1 1
1 11 107260200 5 1 1
1 11 160600164 5 1 1
1 11 163472820 5 1 1
1 11 107260274 4 1 1
1 11 149416126 5 1 1
1 11 16553115 5 1 1
1 11 160371973 5 1 1
1 12 123969763 4 1 1
1 12 84759899 4 1 1
1 12 87497442 5 1 1
1 12 3912907 4 1 1
1 13 40659264 5 1 1
1 13 42655816 4 1 1
1 13 40659165 4 1 1
1 13 110252107 5 1 1
1 13 12655820 5 1 1
1 14 91074879 5 1 1
1 15 31521838 4 1 1
1 15 16109184 4 1 1
1 16 103849496 5 1 1
1 16 54485766 5 1 1
1 16 143468488 5 1 1
1 16 72664944 4 1 1
1 16 141627723 5 1 1
1 16 142267905 5 1 1
1 16 42162324 4 1 1
1 16 53868635 5 1 1
1 17 13179063 4 1 1
1 17 7632747 5 1 1
1 17 125236185 4 1 1
1 17 87581666 5 1 1
1 17 127419948 5 1 1
1 17 125795067 5 1 1
1 17 125239969 4 1 1
1 18 22080451 5 1 1
1 18 15840724 5 1 1
1 18 123050440 5 1 1
1 18 30913802 4 1 1
1 18 17501945 5 1 1
1 18 72650308 5 1 1
1 18 9392631 5 1 1
1 18 50705139 5 1 1
1 18 35904934 4 1 1
1 18 123050432 5 1 1
1 18 50705436 4 1 1
1 18 111432853 5 1 1
1 19 128843359 5 1 1
1 19 57533557 4 1 1
1 20 23262253 5 1 1
1 20 48369268 5 1 1
1 20 87074817 4 1 1
1 20 99493367 5 1 1
1 20 128281884 5 1 1
1 20 128281551 4 1 1
1 21 12506759 4 1 1
1 21 127303702 5 1 1
1 21 109829898 5 1 1
1 21 59475890 5 1 1
1 21 15426097 4 1 1
1 21 75200825 5 1 1
1 21 32341552 5 1 1
1 21 59465824 5 1 1
1 21 30239775 4 1 1
1 22 19117695 4 1 1
1 22 10879092 4 1 1
1 22 111881170 4 1 1
1 22 19117675 5 1 1
1 22 105174837 4 1 1
1 23 102829713 5 1 1
1 23 60855400 5 1 1
1 23 61592249 5 1 1
1 23 18438249 4 1 1
1 23 21600180 5 1 1
1 23 61592173 4 1 1
1 23 75590981 4 1 1
1 23 86399738 5 1 1
1 23 65912490 5 1 1
1 23 52603883 4 1 1
1 23 71150304 4 1 1
1 23 63406040 5 1 1
1 23 86285996 5 1 1
1 23 102820081 4 1 1
1 24 44751567 5 1 1
1 24 117389298 4 1 1
1 24 21288520 5 1 1
1 24 44751574 4 1 1
1 24 24089439 4 1 1
1 25 53850848 5 1 1
1 25 26468816 5 1 1
1 26 111464531 5 1 1
1 26 67565468 5 1 1
1 26 17400501 4 1 1
1 26 59938034 5 1 1
1 26 26195027 5 1 1
1 26 101240630 4 1 1
1 26 38171905 5 1 1
1 27 13907306 5 1 1
1 28 94244966 5 1 1
1 28 27444576 4 1 1
1 29 39462757 5 1 1
1 29 43165810 4 1 1
1 29 43152937 4 1 1
1 30 72236203 5 1 1
1 30 78537948 5 1 1
1 30 72687043 4 1 1
1 30 82482356 5 1 1
1 31 56766015 5 1 1
1 32 11193739 5 1 1
1 32 12888360 5 1 1
1 34 6140333 5 1 1
1 35 78239024 5 1 1
1 35 68998983 5 1 1
1 35 21982182 4 1 1
1 35 59727083 5 1 1
1 37 2445059 5 1 1
1 37 15574623 5 1 1
1 38 31900292 4 1 1
1 39 6333473 4 1 1
1 39 37038311 4 1 1
1 39 77317904 4 1 1
1 39 74787778 5 1 1
1 39 77629270 5 1 1
1 40 45432510 4 1 1
1 41 37674528 5 1 1
1 42 48320150 5 1 1
1 42 45119768 4 1 1
1 42 45017202 5 1 1
1 43 37923316 5 1 1
1 43 39189440 5 1 1
1 43 45015368 4 1 1
1 44 33312634 4 1 1
1 45 46755562 4 1 1
1 45 46755484 5 1 1
1 45 48183553 4 1 1
1 46 56191680 4 1 1
1 46 6615707 5 1 1
1 46 131150239 4 1 1
1 46 143431328 5 1 1
1 46 15008052 5 1 1
1 46 205903446 5 1 1
1 46 155599039 4 1 1
1 46 24139656 5 1 1
1 46 143240296 4 1 1
1 46 56228274 4 1 1
1 47 56304041 5 1 1
1 47 70738082 5 1 1
1 47 169215585 5 1 1
1 47 133940679 5 1 1
1 47 32017877 5 1 1
1 47 2030916 5 1 1
1 47 36102230 4 1 1
1 47 724560 4 1 1
1 48 169099351 5 1 1
1 48 31068421 5 1 1
1 48 37838218 4 1 1
1 48 126735121 5 1 1
1 48 31077589 5 1 1
1 48 39661696 4 1 1
1 48 49366812 5 1 1
1 48 26950163 5 1 1
1 49 213739767 5 1 1
1 49 213739688 4 1 1
1 49 84368893 5 1 1
1 49 224828982 4 1 1
1 49 163035439 5 1 1
1 49 84479569 5 1 1
1 49 95460987 5 1 1
1 49 224828983 5 1 1
1 49 214119630 4 1 1
1 50 127910388 4 1 1
1 50 114526548 5 1 1
1 50 77507397 4 1 1
1 50 54226804 4 1 1
1 50 102541390 4 1 1
1 50 114526554 5 1 1
1 50 115961075 5 1 1
1 50 166056565 5 1 1
1 50 55458058 5 1 1
1 50 91253169 4 1 1
1 52 169213952 5 1 1
1 52 125986719 5 1 1
1 52 60750967 5 1 1
1 52 163805628 5 1 1
1 52 5365835 5 1 1
1 52 155765761 4 1 1
1 52 15386627 5 1 1
1 53 166432183 4 1 1
1 53 89165452 5 1 1
1 54 150891325 4 1 1
1 54 190605261 4 1 1
1 54 154424087 5 1 1
1 54 190127018 5 1 1
1 54 190130377 5 1 1
1 54 150902550 4 1 1
1 54 150807194 5 1 1
1 54 153698114 4 1 1
1 54 203590520 4 1 1
1 54 142226504 4 1 1
1 54 159467916 5 1 1
1 54 150902804 4 1 1
1 54 190127162 4 1 1
1 54 188467174 4 1 1
1 54 196448770 5 1 1
1 54 129541108 5 1 1
1 54 29963240 5 1 1
1 56 118235054 5 1 1
1 56 129076468 4 1 1
1 56 129355565 5 1 1
1 56 129253240 4 1 1
1 56 38233313 5 1 1
1 56 116655770 4 1 1
1 56 38233115 5 1 1
1 56 73623915 4 1 1
1 56 38258438 5 1 1
1 56 129366274 4 1 1
1 57 129720935 4 1 1
1 57 50209802 4 1 1
1 57 129589379 4 1 1
1 57 141511178 5 1 1
1 57 130511110 5 1 1
1 57 130660134 4 1 1
1 57 93400031 4 1 1
1 57 129589106 4 1 1
1 57 141525067 4 1 1
1 57 174420308 4 1 1
1 57 103472431 4 1 1
1 57 129589399 4 1 1
1 57 117807133 4 1 1
1 58 141993208 4 1 1
1 58 52045047 4 1 1
1 58 65902664 4 1 1
1 58 154362051 4 1 1
1 58 51774143 5 1 1
1 58 65958664 4 1 1
1 58 52922720 4 1 1
1 58 52403059 4 1 1
1 58 54437406 4 1 1
1 58 148433449 4 1 1
1 58 53560664 5 1 1
1 58 52408158 5 1 1
1 58 65982323 5 1 1
1 58 56113326 5 1 1
1 58 159710909 5 1 1
1 58 115482770 5 1 1
1 59 20616652 4 1 1
1 59 63616419 5 1 1
1 59 163696434 4 1 1
1 59 17184100 5 1 1
1 59 24147944 5 1 1
1 60 172881723 4 1 1
1 60 490290 4 1 1
1 60 117566095 4 1 1
1 60 31653499 5 1 1
1 60 570526 5 1 1
1 60 117566097 4 1 1
1 60 117730423 5 1 1
1 60 116994664 5 1 1
1 62 75923192 5 1 1
1 62 82091847 5 1 1
1 62 82091662 5 1 1
1 62 82239137 5 1 1
1 62 82120996 4 1 1
1 62 62631224 4 1 1
1 62 82355985 4 1 1
1 62 40872345 5 1 1
1 62 82239126 4 1 1
1 62 82133327 5 1 1
1 62 89593366 4 1 1
1 62 96973184 5 1 1
1 62 96973264 4 1 1
1 62 95771045 4 1 1
1 62 62927878 5 1 1
1 62 70439739 4 1 1
1 63 76942711 5 1 1
1 63 17710552 4 1 1
1 63 17713210 4 1 1
1 63 9689616 5 1 1
1 63 9689612 4 1 1
1 64 59525391 4 1 1
1 64 82491993 5 1 1
1 64 51384056 5 1 1
1 64 138397217 5 1 1
1 64 108065025 4 1 1
1 64 111971824 5 1 1
1 65 144096422 5 1 1
1 65 30318307 4 1 1
1 65 41645057 5 1 1
1 65 26938527 4 1 1
1 65 29449218 5 1 1
1 65 6396758 4 1 1
1 65 3803243 4 1 1
1 65 3805000 5 1 1
1 65 144096544 4 1 1
1 65 28954882 5 1 1
1 65 27890266 5 1 1
1 65 7740527 5 1 1
1 65 3245430 5 1 1
1 65 7856638 4 1 1
1 65 3245510 4 1 1
1 65 44412780 5 1 1
1 65 39389663 5 1 1
1 65 3823138 5 1 1
1 66 17155231 4 1 1
1 66 81878396 5 1 1
1 67 55616641 5 1 1
1 67 99430387 5 1 1
1 67 99421132 4 1 1
1 67 86939403 5 1 1
1 68 104035905 5 1 1
1 68 2418600 4 1 1
1 68 112934971 5 1 1
1 68 58668604 5 1 1
1 68 103528113 5 1 1
1 69 111597339 4 1 1
1 69 87709395 4 1 1
1 69 27774309 4 1 1
1 69 110828943 5 1 1
1 70 50247137 4 1 1
1 70 26139128 5 1 1
1 71 61559856 4 1 1
1 71 9284921 5 1 1
1 71 93207419 5 1 1
1 71 27900606 4 1 1
1 71 35420837 4 1 1
1 71 108222096 4 1 1
1 71 109062940 4 1 1
1 71 48149888 5 1 1
1 71 108222253 5 1 1
1 72 74581287 5 1 1
1 72 46642350 5 1 1
1 72 26988594 5 1 1
1 73 34732674 5 1 1
1 73 39796669 5 1 1
1 73 84743898 5 1 1
1 73 34732132 5 1 1
1 74 86761389 4 1 1
1 74 56743073 4 1 1
1 74 78738456 4 1 1
1 74 68466804 4 1 1
1 74 42882730 5 1 1
1 74 44344672 5 1 1
1 74 43651995 4 1 1
1 75 82421887 5 1 1
1 75 90723025 4 1 1
1 75 83971198 5 1 1
1 75 74545806 4 1 1
1 76 45529167 5 1 1
1 76 46165310 5 1 1
1 76 99094536 4 1 1
1 76 47437962 4 1 1
1 76 43513363 5 1 1
1 77 21051124 5 1 1
1 77 17184495 5 1 1
1 77 53233924 4 1 1
1 77 17112659 4 1 1
1 77 30862693 5 1 1
1 79 17420206 5 1 1
1 79 28979712 5 1 1
1 79 17497159 4 1 1
1 79 41553143 4 1 1
1 79 28930140 5 1 1
1 79 17370856 4 1 1
1 79 17372011 5 1 1
1 79 17415073 4 1 1
1 79 17372010 5 1 1
1 79 14737586 4 1 1
1 79 52088844 4 1 1
1 79 3828058 5 1 1
1 79 56278859 4 1 1
1 79 28797016 4 1 1
1 79 28797186 4 1 1
1 79 16810666 4 1 1
1 79 28907111 5 1 1
1 79 3293922 5 1 1
1 79 51968013 4 1 1
1 79 16810631 5 1 1
1 79 54116868 4 1 1
1 79 16080970 4 1 1
1 79 41472921 5 1 1
1 79 15900733 5 1 1
1 79 17466716 4 1 1
1 79 28797359 5 1 1
1 79 51900826 5 1 1
1 79 17462503 5 1 1
1 79 17414738 4 1 1
1 79 51941972 4 1 1
1 79 17225151 5 1 1
1 80 57576326 5 1 1
1 81 46749870 5 1 1
1 81 37763036 4 1 1
1 82 35053692 4 1 1
1 82 41594792 4 1 1
1 82 24933048 4 1 1
1 82 23924579 4 1 1
1 83 9235299 5 1 1
1 83 9235407 5 1 1
1 83 33869816 4 1 1
1 83 21014996 5 1 1
1 83 21014907 4 1 1
1 83 8532941 5 1 1
1 84 41402766 5 1 1
1 84 30804778 5 1 1
1 84 30302067 5 1 1
1 85 60048670 5 1 1
1 85 23823322 4 1 1
1 85 45760093 5 1 1
1 88 27177407 4 1 1
1 90 6293847 5 1 1
1 90 39464425 4 1 1
