0 0 137321335 5 0 32.2866
0 0 128763302 4 0 9.62203
0 0 142568526 4 0 14.4352
0 0 111793669 4 0 32.3108
0 0 85107185 5 0 8.17
0 0 196232485 4 0 15.64
0 0 103687702 4 0 17.6562
0 0 111793668 4 0 11.9855
0 0 45805370 5 0 28.34
0 0 45805284 5 0 16.05
0 0 142568525 4 0 53.6792
0 0 112167587 4 0 15.4315
0 0 83431569 4 0 8.02384
0 0 218062516 5 0 14.5
0 0 83376113 5 0 32.2992
0 0 85107133 5 0 40.4728
0 0 142487207 4 0 13.39
0 0 142487211 5 0 14.5
0 0 173523048 4 0 8.17
0 0 142487210 5 0 10.79
0 0 202093692 5 0 14.5
0 0 198883366 5 0 19.2188
0 0 31523562 4 0 11.0953
0 0 186837749 5 0 12.91
0 0 142474393 4 0 10.9555
0 0 45805285 5 0 16.05
0 1 110779101 5 0 17.1133
0 1 227718534 4 0 50.3235
0 1 52400338 5 0 13.625
0 1 8229917 5 0 16.0621
0 1 122799032 5 0 14.5
0 1 241610548 4 0 14.9267
0 1 192337076 4 0 14.7788
0 1 27928690 5 0 18.8691
0 1 48860311 5 0 12.91
0 1 243669816 4 0 11.5276
0 1 241610550 4 0 16.6089
0 1 110753071 5 0 13.4786
0 1 167337703 4 0 14.5
0 1 236024100 5 0 13.1172
0 1 51399427 4 0 13.0549
0 1 227718497 4 0 13.3893
0 1 110783486 5 0 13.9819
0 1 230116052 5 0 14.8809
0 1 27928610 4 0 20.5117
0 1 242378241 5 0 16.0502
0 1 110753099 4 0 16.05
0 1 240443438 5 0 14.5
0 1 241610546 4 0 8.17
0 1 51399458 4 0 32.3005
0 2 167453223 4 0 14.6875
0 2 78595460 5 0 12.5
0 2 3077358 5 0 37.8438
0 2 80563077 4 0 20.875
0 2 136762347 5 0 7.81854
0 2 78019243 5 0 16.0483
0 2 80742076 5 0 13.4024
0 2 249406001 4 0 22.0496
0 2 46549652 4 0 9.06439
0 2 89885950 4 0 10.7896
0 2 205262894 5 0 14.5
0 3 96268752 4 0 14.25
0 3 139680605 4 0 15.0938
0 3 41483540 5 0 9.27534
0 3 59642002 5 0 12.5847
0 3 148410904 4 0 15.8125
0 3 170898165 4 0 11.2616
0 3 113589965 4 0 12.6066
0 3 126887444 5 0 10.7764
0 3 58954848 4 0 12.7134
0 3 126887440 5 0 13.6611
0 3 206343991 4 0 18.6579
0 3 143365304 4 0 8.83782
0 3 147624681 5 0 10.694
0 3 243383122 4 0 10.13
0 3 228601807 4 0 12.91
0 3 58918095 4 0 17.6016
0 3 120953224 5 0 14.5
0 3 59672765 5 0 32.2974
0 3 207658776 4 0 12.4338
0 3 45241770 5 0 12.91
0 3 130740789 4 0 32.2999
0 4 204355694 4 0 28.4863
0 4 188581442 4 0 13.8706
0 4 75312136 4 0 14.5
0 4 204355796 5 0 52.714
0 4 49976518 5 0 13.25
0 4 204355695 4 0 14.4141
0 4 187793692 4 0 25.0188
0 4 205510581 5 0 13.9904
0 4 191207558 4 0 18.0015
0 4 191727340 5 0 17.8862
0 4 187793677 5 0 25.5999
0 4 204355698 5 0 11.2349
0 4 187793678 5 0 10.79
0 4 204534360 4 0 13.7817
0 4 204597398 4 0 14.5
0 4 204534362 5 0 32.3001
0 4 204736623 4 0 20.1987
0 4 17395523 5 0 13.4117
0 4 187830738 4 0 10.79
0 4 89329467 5 0 10.7851
0 5 2384831 5 0 13.3909
0 5 168662778 5 0 18.5539
0 5 25341838 4 0 12.0039
0 5 55221901 5 0 14.8417
0 5 13341209 5 0 14.7422
0 5 18675818 4 0 8.17
0 5 128176224 4 0 16.8438
0 5 156528703 4 0 9.49318
0 6 138001818 4 0 11.5679
0 6 138896348 4 0 10.4475
0 6 89737272 4 0 12.625
0 6 90321203 4 0 36.9062
0 6 88829690 5 0 12.3011
0 6 138001872 5 0 10.79
0 6 184995525 5 0 13.3695
0 7 133181103 4 0 18.1174
0 7 34034693 5 0 16.8125
0 7 133181035 5 0 59.3677
0 7 133181036 5 0 24.1384
0 7 133181108 4 0 20.92
0 7 169757865 4 0 13.3926
0 7 135166678 5 0 38.5
0 7 133181105 4 0 16.05
0 7 133181119 4 0 14.3642
0 7 133181115 5 0 11.31
0 7 15065628 4 0 12.0181
0 7 133181104 4 0 14.5
0 7 25951413 4 0 14.5
0 8 121989531 5 0 10.4783
0 8 66230328 4 0 10.79
0 8 19059876 4 0 16.7812
0 8 66230216 5 0 30.5251
0 8 94056517 5 0 19.0039
0 8 99261072 5 0 34.1523
0 8 66230685 5 0 22.9342
0 8 50797305 4 0 16.6875
0 8 72547101 4 0 10.0668
0 8 77361756 4 0 19.1646
0 8 43215530 4 0 16.0625
0 8 66230220 4 0 48.9718
0 8 66201406 4 0 10.6871
0 8 39533875 4 0 13.3869
0 8 66230246 4 0 13.39
0 8 66230218 4 0 14.5
0 8 43215535 5 0 10.13
0 8 161975025 4 0 10.9472
0 8 122551034 4 0 32.1
0 8 150955290 5 0 13.359
0 8 77447839 5 0 12.9952
0 9 128599849 4 0 9.30728
0 9 5521790 4 0 36.25
0 9 116030631 5 0 15.4324
0 9 108744087 4 0 32.299
0 9 132095816 5 0 13.1213
0 9 179558145 5 0 32.9672
0 9 123732496 5 0 11.6803
0 9 123789931 4 0 9.04796
0 9 108538431 4 0 12.7812
0 9 109844498 4 0 19.0469
0 9 179558144 5 0 16.7232
0 9 39560259 5 0 14.5
0 9 51131988 4 0 11.1345
0 10 61038512 5 0 8.89319
0 10 75110929 5 0 10.7899
0 10 61965496 5 0 13.5921
0 10 61386671 4 0 14.6097
0 10 61965494 4 0 30.8481
0 10 61962522 4 0 20.4338
0 10 61962540 4 0 48.9249
0 10 90585730 5 0 32.2945
0 10 19613478 4 0 19.7667
0 10 69408540 4 0 43.9158
0 10 73850168 4 0 33.2974
0 10 61962514 5 0 15.844
0 10 75089538 4 0 23.52
0 10 62155411 5 0 13.39
0 10 61962524 5 0 14.5398
0 10 73850165 4 0 28.1501
0 10 61427635 5 0 22.0409
0 10 61965502 5 0 12.6204
0 10 75089574 5 0 11.0718
0 10 62155515 4 0 7.97385
0 10 61962427 5 0 16.05
0 10 69408458 5 0 13.9729
0 10 61965201 4 0 30.239
0 10 75089581 4 0 10.79
0 10 19613477 4 0 11.0345
0 10 61965500 5 0 16.2479
0 10 75089784 5 0 10.79
0 10 61965411 5 0 58.8402
0 10 75110928 5 0 13.5948
0 10 62156651 4 0 12.2612
0 10 75089598 5 0 10.79
0 10 61110762 5 0 12.0325
0 10 75120484 4 0 9.52791
0 10 90108131 4 0 12.91
0 11 50395233 4 0 17.0625
0 11 173680926 4 0 29.2046
0 11 57605778 4 0 14.5
0 11 45448285 5 0 17.2398
0 11 172329900 5 0 16.084
0 11 61378880 5 0 18.1135
0 11 171266111 4 0 16.0498
0 11 82430733 4 0 19.4766
0 11 174441416 4 0 10.13
0 11 173689800 5 0 12.6282
0 11 95622966 5 0 16.5117
0 11 174429854 5 0 14.4901
0 11 44419148 4 0 52.9348
0 11 44642462 4 0 17.4369
0 11 47697074 4 0 15.3828
0 11 171923584 5 0 24.2202
0 11 175119707 5 0 16.1454
0 11 171049798 4 0 10.1551
0 11 171060120 4 0 8.66476
0 11 171050722 5 0 17.4521
0 11 170612902 5 0 38.3094
0 11 173697489 4 0 14.5
0 11 171038109 4 0 15.9055
0 11 173689523 4 0 13.7673
0 11 173689867 5 0 14.5373
0 11 175116669 5 0 17.2279
0 11 173689956 4 0 16.6956
0 11 171038101 4 0 61.5843
0 11 172319302 4 0 13.5851
0 11 45448289 4 0 31.0404
0 11 174429996 4 0 7.61726
0 11 64036461 5 0 14.5
0 11 44620782 4 0 19.8476
0 11 24625107 5 0 16.0755
0 11 170612899 4 0 15.0928
0 11 170612899 5 0 16.3808
0 11 44419420 5 0 12.5561
0 11 61946861 4 0 12.3325
0 11 175130002 4 0 10.79
0 11 173689526 5 0 16.0501
0 11 44509907 4 0 14.5
0 11 171038119 4 0 24.63
0 11 171690348 5 0 17.7499
0 11 44620782 5 0 10.793
0 11 81338692 4 0 14.5
0 11 174441340 5 0 8.17
0 11 44419152 5 0 10.8189
0 11 171709716 4 0 9.38422
0 11 43949007 4 0 8.66185
0 11 173689958 4 0 13.39
0 11 172925169 4 0 12.0266
0 11 174429859 4 0 14.5
0 11 171409831 4 0 16.0502
0 11 61378987 5 0 10.7901
0 11 95622968 5 0 10.793
0 12 178214308 5 0 29.44
0 12 179764325 4 0 15.0671
0 12 178214305 4 0 17.4461
0 12 125707660 4 0 55.5
0 12 164910912 5 0 36.0156
0 12 179612787 5 0 11.9269
0 12 172578878 4 0 14.5
0 12 178214441 4 0 48.35
0 12 179625133 5 0 9.98553
0 12 110059361 5 0 8.86009
0 12 178214377 4 0 13.4061
0 12 179563050 4 0 9.10017
0 13 12265044 4 0 32.3052
0 14 133612484 4 0 36.974
0 14 90997603 5 0 15.0078
0 14 170215478 5 0 12.3281
0 14 76775467 4 0 17.4922
0 14 66988081 4 0 32.2987
0 14 133612491 4 0 32.7776
0 14 133612496 5 0 16.3109
0 14 145023625 4 0 13.4018
0 14 146160593 4 0 14.5
0 15 62946059 5 0 32.3029
0 15 61588630 5 0 10.13
0 15 145228774 4 0 9.39455
0 15 97987582 4 0 11.6875
0 15 62946069 4 0 13.807
0 15 61703304 5 0 49.184
0 15 62946070 4 0 11.2239
0 15 61588556 5 0 20.9449
0 15 62946985 5 0 11.4798
0 15 12319230 5 0 11.7958
0 15 106926066 5 0 14.1424
0 15 61678331 5 0 12.7054
0 15 61703305 5 0 16.05
0 15 42416589 4 0 14.5
0 15 12319226 4 0 16.0607
0 15 12319249 5 0 12.081
0 15 106926063 4 0 13.278
0 15 41591198 4 0 16.0589
0 16 100051351 5 0 9.9748
0 16 34025540 5 0 15.7656
0 17 82366265 5 0 10.13
0 17 94776432 5 0 35.5712
0 17 116810736 5 0 14.5
0 17 94776517 5 0 15.8406
0 17 13115413 4 0 13.125
0 17 82218491 5 0 17.875
0 17 116613780 5 0 35.9219
0 17 94776516 5 0 31.682
0 17 137601390 4 0 10.777
0 17 42333254 5 0 38.9375
0 17 94776430 5 0 13.39
0 17 20323800 4 0 12.91
0 17 94776431 5 0 13.39
0 17 95784650 5 0 13.5625
0 18 106173686 4 0 13.3889
0 18 122282402 5 0 17.375
0 18 87695783 4 0 14.5
0 18 112377434 5 0 20.6797
0 18 107518554 5 0 13.3912
0 19 79767989 4 0 16.25
0 19 45914413 5 0 14.4297
0 19 152523937 4 0 13.3961
0 19 46455352 4 0 18.1875
0 19 68423924 4 0 8.84005
0 20 78231916 5 0 18.4688
0 20 74537278 4 0 37.6875
0 20 102496614 5 0 17.4141
0 21 45649363 5 0 23.4283
0 21 44901121 4 0 29.0069
0 21 44901209 4 0 13.3122
0 21 26257407 5 0 34.0299
0 21 44901125 5 0 8.17
0 21 44901118 4 0 22.9092
0 21 45595482 5 0 11.7628
0 21 26013540 4 0 13.39
0 21 37511514 5 0 10.7938
0 22 126876537 5 0 28.7584
0 22 93855663 4 0 11.3604
0 22 116463382 4 0 50.4649
0 22 103898568 5 0 11.457
0 22 103890690 5 0 16.05
0 22 116481941 4 0 29.4321
0 22 126854258 5 0 14.0065
0 22 105430515 4 0 10.2972
0 22 103299979 4 0 12.4218
0 22 114511905 5 0 27.094
0 22 103890612 5 0 10.8066
0 22 26498840 4 0 11.25
0 22 3601523 5 0 34.1562
0 22 25929665 4 0 10.13
0 22 126872599 4 0 13.39
0 22 129396924 4 0 11.31
0 22 114672201 4 0 17.3481
0 22 116481940 4 0 32.3
0 22 115356355 4 0 18.2305
0 22 126892642 4 0 11.4045
0 22 94315190 4 0 10.79
0 22 12597821 4 0 10.797
0 22 104599892 5 0 13.3901
0 22 114515270 4 0 33.6846
0 22 126876538 4 0 13.39
0 22 101666556 4 0 16.0678
0 22 93875651 5 0 10.7899
0 23 50512602 4 0 14.1597
0 23 25949132 4 0 17.3263
0 23 46448461 4 0 17.4776
0 23 73065340 5 0 7.7493
0 23 86494938 4 0 19.5625
0 23 60132116 5 0 18.8479
0 23 57363454 4 0 17.625
0 23 50512542 5 0 12.6358
0 23 28509980 5 0 16.0569
0 23 78677754 4 0 11.6689
0 23 18435550 4 0 13.3634
0 23 11618634 4 0 32.2991
0 23 74199760 4 0 36.9153
0 23 50512543 5 0 32.3295
0 23 25949131 5 0 13.3612
0 23 56210278 5 0 11.3572
0 23 73697797 4 0 14.5
0 23 67743677 4 0 16.0489
0 24 67955700 4 0 11.31
0 24 145922450 5 0 14.25
0 24 69679052 5 0 18.9634
0 24 65698109 4 0 16.0516
0 24 67096486 4 0 16.0564
0 24 2596879 5 0 10.7694
0 24 65698110 4 0 13.5421
0 24 2337498 4 0 11.1056
0 24 81024733 5 0 11.875
0 24 150265203 4 0 8.84749
0 25 70033419 4 0 10.563
0 25 91226420 5 0 28.4844
0 25 123728724 5 0 16.9375
0 25 65618656 4 0 19.5
0 26 119772670 4 0 14
0 26 40584964 4 0 10.8278
0 26 120783400 5 0 18.4378
0 27 52300504 4 0 17.25
0 27 81378742 5 0 19.0014
0 28 32837810 4 0 13.4004
0 28 32842588 5 0 18.2744
0 28 50889643 4 0 14.5
0 28 65329104 4 0 13.8125
0 28 19091767 5 0 14.5
0 28 89477815 4 0 16.05
0 29 61960027 4 0 34.9096
0 29 62448537 4 0 12.8507
0 29 75248305 5 0 42.8445
0 29 76341775 5 0 8.80414
0 29 63084956 4 0 15.1961
0 29 75745992 4 0 10.7899
0 29 61990874 4 0 10.1597
0 29 51811682 5 0 27.5419
0 29 62448478 5 0 34.0669
0 29 65717000 4 0 13.0975
0 29 62363727 4 0 55.7381
0 29 64004014 4 0 12.4151
0 29 64259719 4 0 21.0178
0 29 62363732 4 0 12.9975
0 29 60430896 5 0 23.125
0 29 64245509 5 0 10.7901
0 29 75248007 4 0 10.6274
0 29 63462201 4 0 28.7926
0 29 51601891 5 0 10.7899
0 29 75248474 5 0 10.1259
0 29 62448542 4 0 17.2562
0 29 52584210 5 0 29.4401
0 29 52584208 5 0 32.3
0 29 62448546 4 0 17.0391
0 29 51698366 4 0 16.05
0 29 63369072 5 0 8.98705
0 29 62363731 4 0 18.2197
0 29 62448553 5 0 17.8483
0 29 63391812 4 0 10.7901
0 29 52584209 5 0 17.367
0 29 62838932 4 0 8.21303
0 29 65295653 5 0 16.0499
0 29 63032821 4 0 7.73159
0 29 64262142 5 0 16.0501
0 29 64248924 5 0 10.6054
0 29 76359794 5 0 10.2841
0 29 51811669 5 0 13.3901
0 30 102009549 4 0 22.5596
0 30 102912327 5 0 16.3217
0 30 55806484 4 0 16.0656
0 30 102236530 4 0 18.0186
0 30 88619247 5 0 14.2802
0 30 50405724 5 0 22.666
0 30 67818677 4 0 11.0352
0 30 50405723 5 0 22.6648
0 30 67818949 5 0 13.3898
0 30 67818211 5 0 17.5488
0 30 44316920 5 0 36.8164
0 30 68238221 4 0 16.5811
0 30 78365195 4 0 11.5723
0 30 39384036 4 0 13.5
0 30 50405620 5 0 32.2994
0 30 43245394 4 0 10.7913
0 30 26472838 4 0 14.5
0 31 26192745 4 0 23.2837
0 31 62276259 4 0 8.10308
0 31 59283530 5 0 11.9392
0 32 15915936 4 0 14.5
0 32 15840074 4 0 27.4627
0 32 15840077 5 0 10.13
0 32 7573356 4 0 8.36364
0 33 33610648 5 0 15.9864
0 33 33610644 4 0 13.3826
0 34 25675506 5 0 11.7161
0 34 14879334 5 0 8.96525
0 34 15517371 5 0 15.1236
0 34 2416860 5 0 16.3125
0 34 33763778 5 0 8.92681
0 34 52430410 5 0 10.1222
0 35 12208873 5 0 26.7861
0 35 68289869 5 0 13.6394
0 35 10160954 4 0 14.5
0 35 34955393 4 0 13.4027
0 35 11915155 4 0 16.0474
0 35 67812619 5 0 7.52705
0 37 1376603 4 0 10.9688
0 37 47862725 4 0 20.7161
0 37 1376602 4 0 14.5
0 37 20253232 5 0 14.5
0 39 72755242 5 0 44.3597
0 39 29294391 5 0 14.5
0 39 67639115 4 0 32.6406
0 39 72755158 4 0 16.05
0 39 72755163 4 0 14.6533
0 39 73719970 5 0 14.5625
0 39 72755244 4 0 16.05
0 40 50548452 5 0 13.3822
0 40 5115090 5 0 15.5625
0 40 4487479 5 0 54.1812
0 40 63035981 5 0 14.5938
0 40 50548446 4 0 12.1934
0 40 5699202 4 0 10.7728
0 40 34240349 4 0 19.75
0 40 69239250 5 0 13.3715
0 41 44409732 5 0 24.9575
0 41 44409728 5 0 17.2599
0 41 44884352 4 0 16.2656
0 41 44409811 5 0 14.5
0 42 15867731 5 0 8.5874
0 42 15299029 5 0 10.7808
0 44 14086538 5 0 63.125
0 44 20243617 5 0 14.125
0 44 3853817 4 0 17.875
0 44 37932904 4 0 10.7911
0 46 72757713 5 0 27.89
0 46 5500827 5 0 15.375
0 46 104093090 4 0 16.1863
0 46 179569947 4 0 14.5
0 46 104468750 5 0 17.8292
0 46 72809540 4 0 9.09918
0 46 196420506 5 0 14.1159
0 46 77834849 5 0 9.3005
0 46 104434773 4 0 51.8288
0 46 103670741 4 0 14.4053
0 46 102451764 4 0 18.4844
0 46 72757712 5 0 14.176
0 46 72757561 5 0 13.4014
0 46 157649551 4 0 16.0433
0 46 103622305 5 0 11.613
0 46 104468605 4 0 8.42088
0 46 104434667 4 0 20.8423
0 46 50787001 5 0 7.5213
0 46 104161358 4 0 8.33567
0 46 104468794 5 0 20.222
0 46 72494810 4 0 8.17
0 46 72757718 4 0 20.9005
0 46 165018961 5 0 14.5
0 46 132351100 4 0 8.95184
0 46 104914378 4 0 10.8983
0 46 171290489 4 0 32.2885
0 46 72757641 5 0 16.05
0 47 108882541 4 0 19.4297
0 47 23166974 4 0 10.79
0 47 23166969 5 0 15.3929
0 47 122166158 4 0 14.0989
0 47 23131775 4 0 11.0059
0 47 108784551 5 0 14.5
0 47 233263473 5 0 11.2171
0 47 25676067 5 0 9.97921
0 47 23166970 5 0 13.39
0 47 129858871 4 0 15.9688
0 47 109839108 5 0 29.9396
0 47 23166948 4 0 15.0496
0 47 109839115 5 0 13.39
0 47 72507076 4 0 34.2028
0 47 109420885 4 0 56.5537
0 47 109252360 4 0 17.6777
0 47 23166963 4 0 48.35
0 47 42318846 4 0 20.5312
0 47 122166159 4 0 10.79
0 47 23169322 5 0 17.6242
0 47 23166973 4 0 37.9093
0 47 2801926 5 0 32.7168
0 47 53918763 5 0 10.7869
0 47 744371 4 0 16.6562
0 47 154772574 5 0 16.0456
0 47 233739095 4 0 14.8281
0 47 221964055 5 0 13.3957
0 47 11626913 4 0 22.875
0 47 10561112 5 0 13.3902
0 47 23131649 4 0 18.2168
0 47 108787957 4 0 7.75755
0 47 221963972 5 0 10.13
0 47 23946193 5 0 8.99741
0 47 109252480 5 0 13.3541
0 47 109252193 4 0 10.8593
0 47 11424942 4 0 15.0347
0 47 221964060 5 0 8.17
0 47 108997203 5 0 9.59743
0 47 246434887 5 0 8.52712
0 47 221963971 5 0 13.7126
0 47 24021578 5 0 9.95636
0 47 122166157 4 0 14.5
0 47 23985759 5 0 8.78983
0 47 109420915 5 0 8.41315
0 48 83794797 5 0 32.2709
0 48 9477932 4 0 9.91101
0 48 64136101 5 0 10.7927
0 48 97187863 5 0 13.8125
0 48 172990867 5 0 23.1154
0 48 172712914 5 0 44.6086
0 48 11091130 5 0 32.2921
0 48 172990950 5 0 26.5064
0 48 172990866 5 0 24.18
0 48 172683869 4 0 12.91
0 48 179279742 4 0 12.6328
0 48 65860821 5 0 8.09286
0 48 172131420 5 0 8.45495
0 48 172152146 5 0 9.66899
0 48 171535280 5 0 8.4821
0 49 167196297 4 0 32.3014
0 49 235230136 4 0 17.8868
0 49 151459488 4 0 16.0388
0 49 207984354 4 0 26.5318
0 49 25924343 4 0 14.7493
0 49 154625786 5 0 7.57356
0 49 184005707 5 0 19.2656
0 49 233962339 5 0 13.9276
0 49 233962484 4 0 17.7096
0 49 254792261 5 0 11.375
0 49 4734417 4 0 8.80192
0 49 184744550 4 0 16.5078
0 49 235230367 4 0 19.4707
0 49 95390683 4 0 20.3329
0 49 207311209 5 0 12.3008
0 49 207984440 4 0 14.5
0 49 29997552 4 0 13.3804
0 49 61404340 5 0 10.7994
0 49 164551123 5 0 14.5
0 49 233962465 4 0 16.05
0 49 233962341 4 0 10.79
0 49 61404339 5 0 14.1556
0 49 29997555 5 0 24.18
0 49 79323378 4 0 14.5
0 49 235230360 5 0 12.9648
0 49 30412097 4 0 13.4209
0 49 221231516 5 0 15.9141
0 49 10763956 4 0 11.5938
0 49 233962466 4 0 11.3515
0 49 154650524 5 0 10.7882
0 49 235230054 5 0 10.13
0 49 183605706 4 0 14.5
0 49 201065258 4 0 7.57767
0 49 233962343 4 0 14.5
0 50 719871 4 0 14.5
0 50 200187763 4 0 18.4011
0 50 20844373 5 0 32.3286
0 50 9846587 5 0 13.4375
0 50 118694445 5 0 13.4026
0 50 163559497 4 0 10.5456
0 50 24427054 4 0 14.5
0 50 78029166 5 0 8.31885
0 50 96694578 5 0 15.2969
0 50 21507149 4 0 17.375
0 50 121230941 5 0 13.8125
0 51 198908280 5 0 16.3125
0 51 170984367 5 0 12.75
0 51 149196814 5 0 26.8367
0 51 198568181 4 0 7.86048
0 51 167405857 5 0 14.1016
0 51 196331186 4 0 12.91
0 51 25787357 4 0 11.5166
0 51 149196815 5 0 12.248
0 51 148090056 5 0 50.8567
0 51 25787358 4 0 29.4332
0 51 180216028 4 0 13.9301
0 51 136660551 5 0 13.3928
0 51 130176910 5 0 16.024
0 51 148090055 5 0 16.05
0 51 203331805 4 0 10.7844
0 51 23570968 5 0 11.4026
0 51 203426632 5 0 12.5877
0 51 25887078 4 0 8.83626
0 51 199978541 5 0 24.6283
0 51 191063217 5 0 7.99689
0 51 199978542 5 0 8.17
0 52 188015088 5 0 12.9432
0 52 191962990 4 0 18.0156
0 52 128459236 4 0 9.26833
0 52 25702895 5 0 16.0632
0 52 188006511 5 0 8.00681
0 52 70513389 4 0 15.5781
0 52 123052829 4 0 14.5657
0 52 122445583 5 0 12.5469
0 52 173434298 5 0 14.5
0 52 150157828 5 0 9.20888
0 52 120426095 4 0 9.52908
0 52 43399656 5 0 16.0518
0 53 58840894 5 0 14.2614
0 53 20747599 5 0 22.375
0 53 141866599 5 0 15.0205
0 53 34098604 5 0 16.0469
0 53 141866598 5 0 16.0574
0 53 33803330 4 0 19.5625
0 53 37097147 4 0 7.90936
0 53 188239188 4 0 11.2266
0 53 52176835 4 0 10.7957
0 54 27363837 5 0 14.5
0 54 49502318 5 0 14.1614
0 54 90625089 5 0 25.2899
0 54 59998565 4 0 10.1625
0 54 70212880 5 0 13.9271
0 54 179105449 5 0 12.91
0 54 187202186 5 0 32.3175
0 54 155770619 5 0 16.0386
0 55 77790066 4 0 18.25
0 55 142212539 5 0 16.125
0 55 89087558 4 0 39.3125
0 55 25684908 5 0 8.17
0 55 66351775 4 0 10.7856
0 55 27130624 4 0 8.60911
0 55 5082580 4 0 32.329
0 55 100884312 5 0 12.9275
0 55 38733989 4 0 10.7625
0 55 19391164 5 0 14.5
0 55 26891556 5 0 9.63602
0 55 100281078 4 0 32.295
0 55 64468739 4 0 12.0424
0 55 134208251 5 0 14.8125
0 55 38733985 5 0 14.5
0 55 77767237 5 0 14.5
0 55 83507238 4 0 13.3987
0 55 82916646 4 0 16.0604
0 56 21032726 5 0 16.0543
0 56 19567037 4 0 14.5
0 56 16854359 5 0 7.85651
0 56 155807782 4 0 17.1618
0 56 124965698 5 0 32.3078
0 57 8354518 4 0 13.7389
0 57 163138812 4 0 9.68831
0 57 9428580 5 0 19.7291
0 57 158704201 5 0 28.1068
0 57 8354595 5 0 17.111
0 57 107178875 5 0 34.8125
0 57 39129665 5 0 19.4453
0 57 100322572 5 0 14.5
0 57 70975553 5 0 15.8125
0 57 9578332 4 0 13.3897
0 57 51701959 5 0 14.375
0 57 9167860 5 0 18.0625
0 57 158704202 5 0 14.8636
0 57 108154804 5 0 23.6373
0 57 150274348 5 0 13.6785
0 57 162948613 4 0 16.4727
0 58 59690718 5 0 13.3842
0 58 64145941 4 0 21.5532
0 58 59690717 5 0 10.13
0 58 57696156 4 0 8.17
0 58 43903713 4 0 13.7891
0 58 23029489 4 0 14.9375
0 58 72564602 5 0 16.0385
0 58 59142823 4 0 44.5962
0 59 151408842 4 0 14.5
0 59 129049901 4 0 10.3325
0 59 177941478 4 0 13.8625
0 59 139326237 4 0 16.0654
0 59 170995816 5 0 14.5
0 59 155214558 5 0 16.0682
0 60 56799335 4 0 16.387
0 60 56607577 4 0 52.8459
0 60 56778297 4 0 25.5137
0 60 55689357 4 0 34.5138
0 60 56131338 4 0 19.725
0 60 56131566 4 0 40.3709
0 60 179119027 5 0 64.5047
0 60 26627392 5 0 12.2287
0 60 55689362 5 0 17.3792
0 60 21104862 4 0 8.17
0 60 6088139 4 0 14.5
0 60 57176679 4 0 9.60486
0 60 12843522 4 0 8.17
0 60 60208552 4 0 11.8242
0 60 56131274 5 0 11.2596
0 60 178988520 5 0 10.8049
0 60 56607578 4 0 55.5534
0 60 56794944 4 0 17.7845
0 60 56131547 5 0 10.79
0 60 14385990 5 0 13.3892
0 60 178988517 4 0 10.7911
0 60 56778313 4 0 30.7121
0 60 9034866 4 0 16.2598
0 60 57223270 4 0 14.4079
0 60 56633405 5 0 13.39
0 60 55689049 4 0 9.10858
0 60 57223214 4 0 48.35
0 60 55689358 4 0 12.91
0 60 13830534 4 0 15.0332
0 60 56607225 5 0 11.0511
0 60 60399133 4 0 8.23172
0 61 57735026 4 0 19.3125
0 61 45843407 5 0 10.13
0 61 30751615 4 0 7.54856
0 61 57377393 4 0 8.60666
0 61 146394925 4 0 12.8274
0 61 45843404 4 0 42.8942
0 61 79829274 5 0 28.2433
0 61 45843408 5 0 16.3063
0 61 45843662 4 0 32.2948
0 62 47765027 4 0 12.3438
0 62 9562 4 0 14
0 62 114221100 5 0 36.5312
0 62 56933002 5 0 39.4062
0 62 70115573 5 0 14.5
0 62 71894360 4 0 8.17
0 62 33950897 4 0 12.5191
0 62 64295870 4 0 21.8125
0 62 114706486 5 0 12.91
0 62 9913332 4 0 10.13
0 63 26034874 4 0 20.4375
0 63 51380467 5 0 13.7866
0 64 114679923 4 0 8.19303
0 64 98227860 4 0 10.79
0 64 104355682 4 0 17.3911
0 64 97418073 5 0 44.4717
0 64 97418072 5 0 16.2652
0 64 4612087 4 0 10.8196
0 64 98227870 4 0 16.7267
0 64 97530445 4 0 7.845
0 64 98227861 4 0 12.91
0 64 116568889 5 0 13.8339
0 64 115332021 4 0 15.2773
0 64 98953974 5 0 13.761
0 64 97530228 5 0 14.5
0 64 97423387 5 0 10.3884
0 65 128997388 4 0 20.6875
0 66 43062150 4 0 13.39
0 66 65366979 5 0 37.8874
0 66 38594029 5 0 14.5
0 66 65271313 5 0 12.4845
0 66 42746220 4 0 20.3295
0 66 43062154 5 0 14.9061
0 66 64716240 4 0 22.8164
0 66 43062151 5 0 13.2382
0 66 54034702 4 0 11.002
0 66 75751243 5 0 10.7905
0 66 44814503 5 0 10.9824
0 66 66046567 5 0 20.8409
0 66 65366980 5 0 31.3657
0 66 42746221 4 0 10.7896
0 66 65279124 5 0 54.1756
0 66 65412562 5 0 8.66344
0 66 66046566 5 0 32.3
0 66 43062072 4 0 21.3475
0 66 43062151 4 0 17.1402
0 66 43062153 5 0 36.0497
0 66 52561429 4 0 17.4642
0 66 64114760 4 0 14.75
0 66 78174418 5 0 13.7114
0 66 65366978 5 0 26.84
0 66 43062068 5 0 13.8295
0 66 43062149 4 0 32.3
0 66 126506743 4 0 15.0938
0 67 138711871 4 0 14.1094
0 68 41316197 5 0 14.1875
0 68 85857094 4 0 31.7697
0 68 65461543 5 0 17.6875
0 68 65731925 5 0 57.4968
0 68 86537129 5 0 18.6745
0 68 45563327 4 0 16.7449
0 68 65731926 5 0 89.89
0 68 86532422 4 0 539
0 68 85857178 4 0 17.9731
0 68 73095581 5 0 14.5
0 68 65731920 4 0 16.05
0 68 73089860 5 0 11.3193
0 68 86532503 5 0 26.2532
0 68 65731914 5 0 32.2775
0 68 28438686 5 0 11.7188
0 68 73095579 5 0 14.8839
0 68 86537117 5 0 16.05
0 68 65731922 4 0 11.31
0 68 99358732 4 0 15.375
0 68 78098681 5 0 10.1287
0 68 86218258 4 0 9.9787
0 68 73482611 4 0 14.5
0 68 86532504 5 0 16.05
0 68 44424147 5 0 32.2992
0 68 59983693 5 0 12.8256
0 68 85857208 5 0 8.6255
0 68 73095576 4 0 8.17
0 68 65753330 5 0 7.60567
0 68 65487470 4 0 10.7053
0 68 59983690 4 0 10.7902
0 69 97366132 4 0 7.65807
0 69 49905372 5 0 14.5
0 69 46150019 5 0 32.1245
0 69 74421391 4 0 12.0625
0 69 121940217 5 0 9.22904
0 69 123271218 5 0 13.396
0 70 65697116 5 0 14.2773
0 70 63050574 5 0 13.3458
0 70 60928631 5 0 15.9524
0 70 16017963 4 0 14.5
0 70 77971151 4 0 12.25
0 70 73864395 4 0 10.13
0 70 88485563 4 0 13.3647
0 70 67581439 5 0 14.3125
0 71 50054814 5 0 19.5469
0 71 7811159 5 0 10.8993
0 71 10000458 5 0 27.9713
0 71 19783781 5 0 13.6875
0 71 36088251 5 0 13.384
0 72 81373828 4 0 14.5
0 72 52383259 4 0 33.2452
0 72 95893341 4 0 14.5
0 72 80766826 5 0 15.7419
0 72 48555462 4 0 28.4288
0 72 51190137 5 0 14.5
0 72 52383257 5 0 16.047
0 72 96017500 4 0 10.8006
0 73 79480670 4 0 13.4703
0 73 79480752 5 0 16.4724
0 73 79480756 4 0 10.79
0 73 79480671 4 0 14.5
0 74 79430645 5 0 10.13
0 74 67372246 4 0 11.6602
0 74 79430727 5 0 16.4492
0 74 94759254 5 0 13.3982
0 74 53807595 4 0 14.5
0 74 55182644 5 0 20.7916
0 74 79955986 5 0 16.6113
0 74 53813599 5 0 32.3003
0 74 54606396 5 0 14.5
0 74 55182804 4 0 8.36105
0 75 92560249 5 0 16.625
0 75 101096227 4 0 12.375
0 75 70436779 4 0 7.91769
0 76 29407667 4 0 13.7666
0 76 39144551 4 0 10.1143
0 76 41053394 4 0 14.1852
0 76 62284778 4 0 12.9336
0 76 66341337 4 0 16.9836
0 76 28615490 5 0 16.4375
0 76 45549062 5 0 19.7031
0 76 41291269 5 0 10.13
0 76 60981684 5 0 13.3901
0 76 60425044 5 0 7.73624
0 76 27799850 5 0 18.75
0 76 50435517 5 0 12.91
0 76 51737341 4 0 10.13
0 76 42693822 4 0 21.3823
0 77 53935644 5 0 8.86605
0 77 47488221 5 0 14.5
0 78 87749439 5 0 16.05
0 78 87749444 4 0 12.9483
0 78 87749443 4 0 36.0539
0 78 99374509 5 0 12.6899
0 78 5366025 4 0 14.9139
0 78 85482888 5 0 11
0 78 99374502 5 0 10.7618
0 79 31438906 5 0 13.2191
0 80 56102657 4 0 17.2067
0 80 59838074 4 0 16.25
0 80 60008234 5 0 16.8711
0 80 74763569 4 0 14.5
0 80 56716497 5 0 10.7894
0 80 67971268 4 0 35.5625
0 80 70850814 5 0 14.5
0 80 65839767 5 0 16.6448
0 80 59838137 5 0 14.5
0 80 65839768 5 0 10.7927
0 81 68006897 4 0 26.0215
0 81 2210784 4 0 35.0391
0 81 20786937 4 0 13.9062
0 81 2210785 4 0 42.5251
0 81 2210782 4 0 32.3
0 81 7660671 4 0 8.36712
0 81 4897940 4 0 18.3736
0 81 68222165 5 0 15.375
0 81 32465417 5 0 14.5
0 81 66744637 5 0 14.7373
0 81 2199647 5 0 21.58
0 81 27612282 5 0 32.2697
0 81 30541086 5 0 7.65944
0 81 2211011 5 0 11.6245
0 81 54318873 5 0 12.91
0 82 53293849 4 0 55.0935
0 82 53919854 5 0 32.7266
0 82 53293851 5 0 10.79
0 82 53293916 5 0 8.34258
0 82 53293850 4 0 23.7
0 82 53293919 5 0 13.3805
0 83 33493769 4 0 18.8525
0 83 27164171 4 0 36.1562
0 83 33499874 5 0 28.4931
0 83 33499956 4 0 13.39
0 83 45387615 5 0 14.1258
0 83 33499957 4 0 29.44
0 83 35461825 4 0 11.3494
0 83 27768511 4 0 7.56667
0 83 34236498 4 0 12.91
0 83 34814045 4 0 11.6592
0 83 34093705 4 0 14.5
0 83 20763880 4 0 14.0593
0 83 20699738 5 0 17.6743
0 83 47488114 4 0 10.8483
0 83 45375462 4 0 10.13
0 83 38698618 4 0 20.92
0 83 45386660 5 0 7.70565
0 83 33499967 5 0 8.55548
0 83 26363801 5 0 14.1055
0 83 45373684 4 0 10.2422
0 83 34093652 5 0 13.39
0 83 37302703 4 0 14.5
0 83 38299586 4 0 8.37049
0 84 1387982 5 0 28.888
0 84 10546682 4 0 11.6243
0 84 8406727 4 0 20.9863
0 84 10541997 4 0 11.9995
0 84 717258 5 0 35.7471
0 84 10546839 4 0 14.612
0 84 2828880 4 0 24.9384
0 84 71622766 5 0 22.7227
0 84 10546687 5 0 27.4822
0 84 8406777 5 0 12.5627
0 84 1387980 5 0 19.8933
0 84 10546689 4 0 16.05
0 84 71414778 5 0 20.0918
0 84 10542002 5 0 10.0876
0 84 71622983 4 0 14.5
0 84 2186457 4 0 10.7629
0 84 1392233 4 0 10.13
0 84 717273 4 0 9.92136
0 84 10542474 5 0 20.0872
0 84 40971543 4 0 14.5
0 84 71437981 4 0 10.7898
0 84 11434365 4 0 10.79
0 85 60181805 5 0 15.9417
0 85 49299890 5 0 33.7738
0 85 19082256 4 0 12.91
0 85 60301059 4 0 7.95143
0 85 60181858 4 0 32.3
0 86 74929048 4 0 11.3555
0 87 46439049 4 0 33.0191
0 87 28689819 4 0 16.05
0 88 29374720 5 0 7.7015
0 88 29435222 4 0 17.125
0 88 51436638 5 0 8.17
0 89 19153354 5 0 14.9219
0 89 40140712 4 0 12.75
0 89 30152429 5 0 14.5
0 89 18784421 4 0 37.7656
0 91 20564437 5 0 33.8203
0 91 26230739 4 0 7.85284
0 91 16911584 5 0 16.0938
0 91 14089228 4 0 12.5625
0 91 20564438 5 0 11.6491
0 91 20564439 5 0 16.0619
1 0 55935846 5 1 1
1 0 142487288 5 1 1
1 0 194033426 5 1 1
1 0 111793766 4 1 1
1 0 142487051 4 1 1
1 0 128549794 5 1 1
1 0 141959416 4 1 1
1 0 103687545 5 1 1
1 0 83628902 5 1 1
1 0 154573333 4 1 1
1 0 128304612 5 1 1
1 1 172614790 4 1 1
1 1 110783595 4 1 1
1 1 110753035 5 1 1
1 1 160444983 4 1 1
1 1 241610544 4 1 1
1 1 236018599 4 1 1
1 1 191883011 4 1 1
1 1 110753101 5 1 1
1 1 230115922 5 1 1
1 1 173906389 5 1 1
1 1 28141761 5 1 1
1 1 51329836 5 1 1
1 1 110753056 5 1 1
1 1 110779183 5 1 1
1 1 110060378 5 1 1
1 1 230070117 4 1 1
1 1 241130567 4 1 1
1 1 110564857 5 1 1
1 1 240432526 4 1 1
1 1 109124465 5 1 1
1 1 8293124 4 1 1
1 1 110753054 4 1 1
1 2 33612652 4 1 1
1 2 237223148 4 1 1
1 2 257526406 4 1 1
1 2 78595458 4 1 1
1 2 4872422 4 1 1
1 3 207658686 5 1 1
1 3 41483452 4 1 1
1 3 228601808 4 1 1
1 3 251840025 5 1 1
1 3 207453167 4 1 1
1 3 232272622 5 1 1
1 3 128254296 5 1 1
1 3 211118155 4 1 1
1 3 61812185 5 1 1
1 3 148417940 4 1 1
1 3 47991351 5 1 1
1 3 116507049 5 1 1
1 4 971626 4 1 1
1 4 184322852 5 1 1
1 4 187793670 5 1 1
1 4 205316151 4 1 1
1 4 90320137 4 1 1
1 4 205316354 5 1 1
1 4 204720338 5 1 1
1 4 50947455 5 1 1
1 4 204720299 4 1 1
1 4 187834103 5 1 1
1 4 204534509 4 1 1
1 5 168662705 4 1 1
1 5 170484706 4 1 1
1 5 13341197 5 1 1
1 5 25935081 4 1 1
1 5 176447939 5 1 1
1 5 14047482 5 1 1
1 5 21380230 5 1 1
1 6 152178434 5 1 1
1 6 133467248 5 1 1
1 6 88829677 4 1 1
1 6 128173619 4 1 1
1 6 100740241 5 1 1
1 6 86964768 4 1 1
1 6 138896777 5 1 1
1 6 78457760 4 1 1
1 7 17411913 4 1 1
1 7 18286325 5 1 1
1 7 133181123 5 1 1
1 7 144480480 5 1 1
1 7 147244777 4 1 1
1 7 135166752 4 1 1
1 7 33736989 5 1 1
1 7 136014666 5 1 1
1 8 76667119 4 1 1
1 8 66366591 4 1 1
1 8 121978879 4 1 1
1 8 94231671 5 1 1
1 8 121978886 5 1 1
1 9 29052441 4 1 1
1 9 7453095 5 1 1
1 9 116030639 4 1 1
1 9 17611849 4 1 1
1 9 108530899 4 1 1
1 9 28924000 5 1 1
1 9 109400919 5 1 1
1 9 64044183 5 1 1
1 9 105173815 4 1 1
1 10 62126215 5 1 1
1 10 75016191 4 1 1
1 10 73850159 4 1 1
1 10 122588497 5 1 1
1 10 61950782 4 1 1
1 10 101139087 5 1 1
1 10 77661741 4 1 1
1 10 61110761 4 1 1
1 10 75110836 5 1 1
1 10 90585796 4 1 1
1 10 61898101 5 1 1
1 10 61965281 4 1 1
1 10 61962466 4 1 1
1 10 61460558 4 1 1
1 10 75090724 5 1 1
1 10 101139003 5 1 1
1 11 172315363 5 1 1
1 11 46134586 5 1 1
1 11 174396274 5 1 1
1 11 58216404 5 1 1
1 11 172334641 5 1 1
1 11 171291682 4 1 1
1 11 172925412 4 1 1
1 11 61095634 4 1 1
1 11 44419467 4 1 1
1 11 171038126 4 1 1
1 11 171923703 4 1 1
1 11 175116861 4 1 1
1 11 95622852 5 1 1
1 11 172334787 4 1 1
1 11 173697081 4 1 1
1 11 52563129 4 1 1
1 11 173690710 4 1 1
1 11 174441326 5 1 1
1 11 171038135 5 1 1
1 11 171295042 5 1 1
1 11 44642469 5 1 1
1 11 173697336 4 1 1
1 11 171682929 4 1 1
1 11 171266045 5 1 1
1 11 171276160 4 1 1
1 11 44642461 4 1 1
1 11 171923010 4 1 1
1 11 173689875 4 1 1
1 11 173697413 5 1 1
1 12 179764367 5 1 1
1 12 175446584 4 1 1
1 12 178214238 5 1 1
1 12 164910954 5 1 1
1 12 153918810 5 1 1
1 12 179764403 4 1 1
1 14 67008645 4 1 1
1 14 66988003 5 1 1
1 14 75343110 5 1 1
1 15 61588552 4 1 1
1 15 61521629 5 1 1
1 15 42326435 5 1 1
1 15 60973069 5 1 1
1 15 107842472 5 1 1
1 15 71447978 5 1 1
1 15 12319227 5 1 1
1 15 154213559 5 1 1
1 15 56795917 5 1 1
1 15 62021784 4 1 1
1 15 41541736 4 1 1
1 15 61703395 4 1 1
1 15 62946989 4 1 1
1 16 128313055 5 1 1
1 16 104973847 5 1 1
1 17 82218438 4 1 1
1 17 137601224 5 1 1
1 17 24186418 5 1 1
1 17 9179975 4 1 1
1 17 95415901 4 1 1
1 17 128882654 4 1 1
1 18 112346125 4 1 1
1 19 35286882 5 1 1
1 19 79767981 4 1 1
1 19 32989186 4 1 1
1 19 46453700 4 1 1
1 20 141681360 5 1 1
1 20 78231910 5 1 1
1 20 112036321 5 1 1
1 20 103069219 5 1 1
1 20 131240007 4 1 1
1 20 61535692 4 1 1
1 21 38263138 5 1 1
1 21 26013457 4 1 1
1 21 45942780 4 1 1
1 21 26121356 5 1 1
1 22 116499492 5 1 1
1 22 94315193 5 1 1
1 22 103898980 5 1 1
1 22 114511986 5 1 1
1 22 116463908 5 1 1
1 22 114672166 5 1 1
1 22 126854011 5 1 1
1 22 14758376 4 1 1
1 22 114725753 4 1 1
1 22 93875655 4 1 1
1 22 21041750 5 1 1
1 22 115632284 5 1 1
1 22 104599671 5 1 1
1 22 93855754 5 1 1
1 22 104599899 4 1 1
1 22 116463544 5 1 1
1 22 126876457 5 1 1
1 22 104411332 4 1 1
1 22 116481852 5 1 1
1 22 8380718 5 1 1
1 22 126876555 5 1 1
1 22 104603335 4 1 1
1 22 94049128 5 1 1
1 23 95986794 4 1 1
1 23 14289416 5 1 1
1 23 74152651 4 1 1
1 23 46448448 5 1 1
1 23 80596513 4 1 1
1 24 69679222 4 1 1
1 24 60081380 4 1 1
1 24 69679130 4 1 1
1 24 145922451 5 1 1
1 24 2596884 4 1 1
1 24 49182305 4 1 1
1 24 2337408 4 1 1
1 24 4946112 4 1 1
1 24 6366048 5 1 1
1 24 7428093 4 1 1
1 25 792405 4 1 1
1 26 47202640 4 1 1
1 26 40595601 5 1 1
1 26 42063642 5 1 1
1 27 39208875 4 1 1
1 28 79640404 5 1 1
1 29 63084954 4 1 1
1 29 8548485 4 1 1
1 29 62357439 5 1 1
1 29 19046268 5 1 1
1 29 61960026 5 1 1
1 29 76349871 5 1 1
1 29 62730635 4 1 1
1 29 62448541 4 1 1
1 29 62072909 5 1 1
1 29 62448555 4 1 1
1 29 52584211 5 1 1
1 29 62448440 5 1 1
1 29 61990791 5 1 1
1 29 63462276 4 1 1
1 30 78385018 4 1 1
1 30 101994620 5 1 1
1 30 56316468 4 1 1
1 30 88619171 4 1 1
1 30 101474215 4 1 1
1 30 102843377 4 1 1
1 30 78226839 4 1 1
1 30 52447210 5 1 1
1 30 85260458 5 1 1
1 30 67818958 4 1 1
1 30 102009627 4 1 1
1 30 52428021 5 1 1
1 30 57690263 4 1 1
1 31 26192744 4 1 1
1 31 38082809 4 1 1
1 31 103724149 5 1 1
1 31 61519535 4 1 1
1 32 8754972 4 1 1
1 34 20987330 4 1 1
1 35 11494155 5 1 1
1 35 68289973 5 1 1
1 35 11915157 4 1 1
1 35 23232844 5 1 1
1 35 11494154 5 1 1
1 37 47862728 5 1 1
1 39 72755152 4 1 1
1 39 78211411 4 1 1
1 39 72755243 4 1 1
1 39 72755161 5 1 1
1 39 69120551 4 1 1
1 39 72755322 4 1 1
1 39 72755228 4 1 1
1 40 4487403 5 1 1
1 40 75149620 4 1 1
1 40 4487490 4 1 1
1 40 4013154 5 1 1
1 40 71586231 4 1 1
1 41 46172741 4 1 1
1 41 44567975 4 1 1
1 41 44409808 4 1 1
1 43 6961998 5 1 1
1 44 26246927 4 1 1
1 44 11993997 4 1 1
1 44 25388863 5 1 1
1 44 14969406 5 1 1
1 46 132351202 5 1 1
1 46 100174484 4 1 1
1 46 72755287 5 1 1
1 46 77834832 4 1 1
1 46 104434765 4 1 1
1 46 72757633 5 1 1
1 46 104279433 4 1 1
1 46 50786930 5 1 1
1 46 104453751 5 1 1
1 46 155270968 5 1 1
1 46 39835031 5 1 1
1 46 104453680 5 1 1
1 46 104093121 5 1 1
1 46 104152256 4 1 1
1 46 104434775 5 1 1
1 47 23166972 4 1 1
1 47 23985645 5 1 1
1 47 25680969 5 1 1
1 47 72507080 4 1 1
1 47 23166814 4 1 1
1 47 109428223 5 1 1
1 47 109839105 4 1 1
1 47 109410427 5 1 1
1 47 23898635 4 1 1
1 47 108784588 4 1 1
1 47 25776705 4 1 1
1 47 109252475 4 1 1
1 47 106569465 5 1 1
1 47 11244765 4 1 1
1 47 109252530 4 1 1
1 47 109420772 5 1 1
1 47 23103031 5 1 1
1 47 108882545 4 1 1
1 47 184129805 5 1 1
1 47 744206 4 1 1
1 47 109841641 5 1 1
1 47 109458308 5 1 1
1 47 11400520 4 1 1
1 47 25680934 5 1 1
1 47 181692886 4 1 1
1 47 10619495 5 1 1
1 48 8361006 5 1 1
1 48 11091117 5 1 1
1 48 190537835 5 1 1
1 48 190512800 4 1 1
1 48 23868259 4 1 1
1 48 190537532 5 1 1
1 48 172901584 5 1 1
1 48 179660796 5 1 1
1 48 99364234 4 1 1
1 48 230453973 5 1 1
1 48 39069311 5 1 1
1 48 175370379 4 1 1
1 49 11018633 4 1 1
1 49 200409888 4 1 1
1 49 221231519 4 1 1
1 49 234519045 5 1 1
1 49 235230032 4 1 1
1 49 200999968 4 1 1
1 49 154650527 4 1 1
1 49 166619663 4 1 1
1 49 29997476 4 1 1
1 49 233962497 5 1 1
1 49 29997549 4 1 1
1 49 36725147 4 1 1
1 49 25291631 5 1 1
1 49 12299155 4 1 1
1 49 233962345 4 1 1
1 49 25924217 4 1 1
1 49 25924497 4 1 1
1 49 234596055 5 1 1
1 50 162934853 4 1 1
1 50 13708313 5 1 1
1 50 10675817 4 1 1
1 51 148458019 4 1 1
1 51 186931798 5 1 1
1 51 146885254 5 1 1
1 51 186915408 5 1 1
1 51 130678253 4 1 1
1 51 203331663 5 1 1
1 51 149196821 5 1 1
1 51 199978627 5 1 1
1 52 138096839 4 1 1
1 52 139451141 5 1 1
1 52 187963624 5 1 1
1 52 121675984 5 1 1
1 52 43399669 5 1 1
1 52 25702812 5 1 1
1 52 200497377 4 1 1
1 52 121667669 4 1 1
1 53 142067607 4 1 1
1 53 141866601 4 1 1
1 53 34098524 4 1 1
1 53 166415273 5 1 1
1 53 166328001 5 1 1
1 54 15840021 4 1 1
1 54 15839913 4 1 1
1 54 29342812 4 1 1
1 54 103349019 4 1 1
1 54 31617405 4 1 1
1 55 89719839 5 1 1
1 55 77394957 5 1 1
1 55 77790066 5 1 1
1 55 77556853 5 1 1
1 55 64033448 5 1 1
1 55 17598904 5 1 1
1 55 88838520 5 1 1
1 56 124966786 4 1 1
1 56 1553013 4 1 1
1 56 95956268 5 1 1
1 57 49087857 5 1 1
1 57 100322545 5 1 1
1 57 8986277 4 1 1
1 57 163416854 4 1 1
1 57 70975555 4 1 1
1 57 86082611 4 1 1
1 57 8553983 4 1 1
1 58 57524190 5 1 1
1 58 57523995 5 1 1
1 58 43045901 4 1 1
1 58 59690726 4 1 1
1 58 22763779 4 1 1
1 58 79754541 5 1 1
1 58 93440261 5 1 1
1 58 64463129 5 1 1
1 58 64145858 4 1 1
1 59 148588445 5 1 1
1 60 45516661 4 1 1
1 60 56807854 4 1 1
1 60 13830309 5 1 1
1 60 22663193 4 1 1
1 60 56607485 4 1 1
1 60 56795022 5 1 1
1 60 56607591 4 1 1
1 60 165547311 4 1 1
1 60 165547314 5 1 1
1 60 56796110 4 1 1
1 60 178988322 5 1 1
1 60 56131254 4 1 1
1 60 34873327 5 1 1
1 61 45842465 4 1 1
1 61 45871249 4 1 1
1 61 27442279 4 1 1
1 61 57950509 5 1 1
1 61 44572801 5 1 1
1 61 45871161 4 1 1
1 61 103489615 5 1 1
1 61 148767698 5 1 1
1 62 3840951 5 1 1
1 62 9913370 4 1 1
1 62 64295965 4 1 1
1 63 38312951 4 1 1
1 63 148771773 5 1 1
1 63 149503671 5 1 1
1 63 48067583 4 1 1
1 64 83467924 5 1 1
1 64 114294787 4 1 1
1 64 98954520 4 1 1
1 64 83091265 4 1 1
1 64 96054224 5 1 1
1 65 120289093 5 1 1
1 66 43062068 5 1 1
1 66 138076733 4 1 1
1 66 66046483 4 1 1
1 66 75750828 5 1 1
1 66 75751242 5 1 1
1 66 130448400 5 1 1
1 66 64716234 4 1 1
1 66 136842380 5 1 1
1 66 30957477 5 1 1
1 66 30957321 4 1 1
1 66 26125582 4 1 1
1 66 49412362 5 1 1
1 66 54037817 4 1 1
1 67 74575136 4 1 1
1 67 22357525 4 1 1
1 67 2993922 4 1 1
1 67 95294446 4 1 1
1 68 73095202 4 1 1
1 68 85857112 4 1 1
1 68 135048916 5 1 1
1 68 86537135 4 1 1
1 68 73095582 5 1 1
1 68 65731907 4 1 1
1 68 135679550 5 1 1
1 68 85857194 5 1 1
1 68 59983705 4 1 1
1 68 59983703 4 1 1
1 68 85857230 4 1 1
1 69 25944852 5 1 1
1 69 46150030 4 1 1
1 69 123271323 4 1 1
1 69 28713054 5 1 1
1 69 74421395 4 1 1
1 69 79593514 4 1 1
1 70 60928637 4 1 1
1 70 60255337 5 1 1
1 70 47754187 5 1 1
1 71 10000459 5 1 1
1 71 101126930 5 1 1
1 71 50880923 5 1 1
1 72 91774039 5 1 1
1 72 80766978 4 1 1
1 72 48555466 4 1 1
1 73 79480781 5 1 1
1 74 53813517 5 1 1
1 74 55182779 4 1 1
1 74 55182608 5 1 1
1 74 55182603 4 1 1
1 75 52742153 5 1 1
1 75 59002616 4 1 1
1 75 90645878 4 1 1
1 75 95040365 4 1 1
1 76 28697067 4 1 1
1 76 40826572 4 1 1
1 76 39129036 5 1 1
1 76 78199520 5 1 1
1 76 77956704 5 1 1
1 76 62206638 5 1 1
1 76 90134580 4 1 1
1 76 61842737 5 1 1
1 76 40527585 4 1 1
1 76 80984445 5 1 1
1 77 4738997 4 1 1
1 78 15789903 4 1 1
1 78 4707367 4 1 1
1 78 5508242 5 1 1
1 78 4858145 4 1 1
1 78 52497797 4 1 1
1 78 28389692 5 1 1
1 78 29838747 4 1 1
1 80 56102570 5 1 1
1 80 61910161 4 1 1
1 80 57521762 5 1 1
1 80 59838221 4 1 1
1 81 29527671 4 1 1
1 81 27942106 5 1 1
1 81 66799854 4 1 1
1 81 2210770 5 1 1
1 81 7844862 5 1 1
1 81 2813464 5 1 1
1 81 2199548 5 1 1
1 81 4897786 5 1 1
1 82 53293935 4 1 1
1 83 34270516 5 1 1
1 83 35461822 5 1 1
1 83 45388225 4 1 1
1 83 45387735 5 1 1
1 83 34094070 5 1 1
1 83 35500642 5 1 1
1 83 34093775 5 1 1
1 83 45388236 5 1 1
1 83 26363877 4 1 1
1 83 45387456 5 1 1
1 83 34993127 5 1 1
1 83 34093648 4 1 1
1 83 33499864 5 1 1
1 84 10542386 5 1 1
1 84 10546846 5 1 1
1 84 10546784 5 1 1
1 84 717430 5 1 1
1 84 1392127 4 1 1
1 84 10546754 4 1 1
1 84 8406692 4 1 1
1 84 71195770 4 1 1
1 84 1392228 5 1 1
1 84 10542481 4 1 1
1 84 10546861 5 1 1
1 84 1388065 4 1 1
1 85 12784475 5 1 1
1 86 74883314 4 1 1
1 87 46439055 5 1 1
1 88 47813693 4 1 1
1 88 39263290 4 1 1
1 89 40140768 4 1 1
1 90 36502632 5 1 1
1 90 26254759 5 1 1
1 91 20564354 5 1 1
1 91 689012 5 1 1
1 91 10457704 5 1 1
