0 0 14382601 4 0 48.9398
0 0 23096525 4 0 41.4906
0 0 14382593 5 0 37.2599
0 0 128835955 4 0 9.91372
0 0 26546533 4 0 13.6698
0 0 46139384 4 0 14.5
0 0 26546544 5 0 27.5656
0 0 15341072 4 0 13.1289
0 0 23096527 5 0 33.83
0 0 164929572 4 0 19.375
0 0 34221079 4 0 14.5
0 0 116335207 4 0 32.2738
0 0 115473100 4 0 22.25
0 0 15884269 5 0 14.5
0 0 46769171 4 0 14.7109
0 0 23096526 5 0 11.7702
0 0 33954216 5 0 15.6855
0 0 26546534 4 0 16.579
0 0 15341138 4 0 16.0516
0 0 14382529 5 0 13.8144
0 0 159385990 5 0 19.9062
0 0 145364760 5 0 8.17
0 0 26406466 4 0 9.78157
0 0 23604961 4 0 10.475
0 0 119011150 4 0 14.5
0 1 153400546 4 0 17.3457
0 1 157396517 4 0 13.5112
0 1 209260709 4 0 10.1941
0 1 219948880 5 0 12.942
0 1 229333150 5 0 17.2754
0 1 229252333 5 0 16.8127
0 1 4251277 4 0 12.91
0 1 222281112 4 0 20.0625
0 1 208097455 5 0 14.1134
0 1 239949486 4 0 44.1211
0 1 253444341 4 0 14.6694
0 1 153399385 4 0 19.6269
0 1 155993359 4 0 14.3276
0 1 239949487 4 0 31.2441
0 1 153935378 4 0 10.79
0 1 153935379 4 0 10.79
0 1 138234022 5 0 27.0884
0 1 136375013 5 0 14.5
0 1 225226433 4 0 17.5136
0 1 208097372 5 0 24.5682
0 1 239949491 5 0 15.9793
0 1 153400549 5 0 19.6255
0 1 229882965 5 0 8.17
0 1 169601063 5 0 13.3902
0 1 2340531 4 0 32.3009
0 1 138234024 4 0 14.1353
0 1 153399461 4 0 31.6542
0 1 71795254 5 0 7.54921
0 1 229882756 5 0 16.0497
0 1 222568038 5 0 20.8486
0 1 154140222 4 0 14.7879
0 1 153357809 4 0 13.6244
0 1 239949490 5 0 10.79
0 1 153935832 4 0 26.972
0 1 208097373 5 0 10.79
0 1 229252353 4 0 16.0501
0 1 156756026 5 0 10.7901
0 1 81183377 4 0 19.0625
0 1 237818946 4 0 12.25
0 1 243016822 4 0 9.16016
0 1 169600952 4 0 16.0501
0 1 253092696 5 0 14.5
0 1 223447216 4 0 12.91
0 1 242823135 4 0 8.62667
0 1 256010949 4 0 10.5901
0 1 156587946 4 0 10.7899
0 1 159879832 4 0 9.45956
0 1 239949485 4 0 16.05
0 1 251930262 4 0 16.0493
0 2 77295702 5 0 10.6002
0 2 88869313 4 0 32.3028
0 2 245165076 5 0 14.5
0 2 133613300 4 0 15.2285
0 2 196244550 5 0 11.5
0 2 133002858 5 0 14.5
0 2 26687450 4 0 10.7782
0 2 112657853 4 0 11.4003
0 2 89080250 4 0 16.05
0 2 237088843 5 0 30.031
0 2 111769786 5 0 10.7906
0 2 90708187 4 0 14.5
0 2 123230560 4 0 15.5588
0 2 77543488 5 0 12.91
0 2 184503943 4 0 14.5
0 2 230705718 4 0 14.5
0 2 230705719 4 0 10.13
0 2 237088842 5 0 27.8966
0 2 230705717 4 0 16.2055
0 2 113361433 5 0 13.391
0 2 123875935 5 0 10.7909
0 2 163139905 4 0 12.4609
0 2 112337323 5 0 16.0499
0 2 231301296 4 0 19.625
0 2 112337320 5 0 14.7015
0 2 113618023 5 0 16.0332
0 2 133032840 5 0 14.5
0 2 133689976 4 0 16.0507
0 2 113336562 5 0 13.3906
0 2 113371667 5 0 9.85756
0 2 77543406 5 0 16.05
0 2 51642479 5 0 10.7969
0 2 88226560 4 0 9.69705
0 2 88922656 5 0 10.203
0 3 88805625 5 0 13.5
0 3 72708886 5 0 11.7929
0 3 240090869 4 0 27.0943
0 3 78167541 5 0 14.5
0 3 63781609 4 0 13.8925
0 3 224176361 5 0 13.3853
0 3 58577 4 0 11.375
0 3 52620198 5 0 11.625
0 3 236919264 5 0 16.0462
0 3 73502467 5 0 16.5295
0 3 249619451 5 0 14.5469
0 3 239576115 5 0 14.5
0 3 164668166 5 0 20.375
0 3 103409844 4 0 14.5
0 3 73502472 5 0 16.0587
0 3 253739428 4 0 13.392
0 3 180124663 4 0 10.7663
0 4 159209825 5 0 10.7754
0 4 77241221 4 0 17.1875
0 4 197765391 5 0 16.3906
0 4 158403455 4 0 11.0463
0 4 145858367 4 0 34.25
0 4 156011661 5 0 47.0447
0 4 159006426 4 0 11.7246
0 4 37715373 4 0 8.44961
0 4 30987743 5 0 10.9221
0 4 31219836 4 0 10.7927
0 4 74767295 4 0 22.311
0 4 169470226 4 0 13.3918
0 4 31207583 5 0 11.1486
0 4 41809838 4 0 12.1562
0 4 30560671 4 0 9.82048
0 4 156011660 5 0 14.5
0 4 60994076 4 0 35.0555
0 4 126046079 5 0 15.5078
0 4 31154943 5 0 14.5
0 4 65092336 4 0 12.91
0 5 114214958 5 0 16.191
0 5 68097749 5 0 21.5234
0 5 40015264 5 0 16.0446
0 5 66548490 5 0 15.3281
0 5 81192659 4 0 12.4375
0 5 104763843 4 0 10.8977
0 5 125971593 4 0 37.3125
0 5 88892565 4 0 14.5
0 5 54331230 5 0 13.3895
0 5 125699742 5 0 35.3438
0 5 114481978 4 0 16.0512
0 5 43062006 4 0 14.5
0 6 198390026 4 0 56.9077
0 6 200248138 5 0 34.5047
0 6 198036025 4 0 13.2726
0 6 163561639 4 0 11.8651
0 6 200248137 5 0 49.5113
0 6 46266043 4 0 15.4598
0 6 26294013 4 0 14.8746
0 6 198227560 5 0 17.4403
0 6 181290435 4 0 33.375
0 6 198390021 5 0 16.05
0 6 46266125 5 0 23.5246
0 6 198390015 5 0 13.4004
0 6 44115028 4 0 13.5288
0 6 198227639 5 0 13.1218
0 6 195418458 5 0 17.0312
0 6 163312458 5 0 13.5205
0 6 164014100 5 0 12.9195
0 6 200248053 5 0 10.7902
0 6 162461048 5 0 10.79
0 6 199693563 4 0 539
0 6 56422195 4 0 15.4304
0 6 164014192 5 0 16.05
0 6 200248052 5 0 33.1467
0 6 198240760 5 0 12.5273
0 6 198036039 5 0 13.6963
0 6 164005586 5 0 18.7244
0 6 199467565 4 0 10.5958
0 6 198403336 4 0 16.0502
0 6 43101753 4 0 13.3242
0 6 163630035 4 0 10.1888
0 6 198390095 5 0 20.9709
0 6 47676325 4 0 9.94889
0 6 162461047 5 0 13.3912
0 6 198167963 4 0 16.0499
0 6 198179584 4 0 7.5515
0 6 47676369 5 0 16.0638
0 6 163312472 4 0 16.05
0 6 200248136 5 0 10.7898
0 6 198393627 4 0 14.5386
0 6 198227558 4 0 45.21
0 6 198876559 4 0 14.5
0 6 164005587 5 0 32.3
0 6 199667576 5 0 19.7651
0 7 56962817 4 0 11.9375
0 7 2146887 4 0 11.0075
0 7 12280772 4 0 15.969
0 7 87602883 5 0 14.5
0 7 12278870 5 0 14.5
0 7 2021350 4 0 32.2916
0 7 12280773 4 0 31.2239
0 7 89705406 5 0 11.3877
0 7 206378355 5 0 14.4375
0 7 86834351 5 0 10.13
0 7 88981442 5 0 13.911
0 7 88809022 5 0 10.13
0 7 99364516 5 0 24.2197
0 7 184337417 5 0 18.875
0 7 2854147 5 0 8.76334
0 7 86834007 4 0 16.0504
0 7 88835872 4 0 10.7896
0 7 174293039 5 0 14.5
0 7 87602888 4 0 13.3905
0 7 70601031 5 0 14.5
0 7 88809352 4 0 12.91
0 7 88809355 5 0 10.7897
0 8 177354108 5 0 14.5
0 8 174848425 4 0 67.869
0 8 165201467 5 0 17.1162
0 8 78356103 4 0 12.6657
0 8 167151927 5 0 9.68209
0 8 179561668 5 0 14.4268
0 8 155296494 4 0 11.31
0 8 172635494 5 0 10.7899
0 8 177384677 5 0 8.81555
0 8 175754125 5 0 29.2897
0 8 174848156 5 0 36.9419
0 8 174848424 4 0 32.3368
0 8 128614766 4 0 9.21734
0 8 176904121 5 0 9.36025
0 8 174553120 5 0 13.8654
0 8 70580414 5 0 14.5
0 8 174559425 4 0 8.07829
0 8 175754215 5 0 539
0 8 179561726 5 0 13.39
0 8 179577299 4 0 13.39
0 8 179637814 4 0 32.3002
0 9 161169371 4 0 12.8064
0 9 127091631 4 0 22.782
0 9 62141180 4 0 29.5999
0 9 112399630 4 0 12.0304
0 9 146091597 5 0 16.6824
0 9 62141181 4 0 17.5124
0 9 65078078 5 0 16.0527
0 9 37433961 5 0 13.3808
0 9 5730589 4 0 16.0468
0 9 37207257 5 0 16.8033
0 9 5730583 5 0 16.0492
0 9 5730607 5 0 8.17
0 9 117238757 4 0 14.5
0 9 2999221 5 0 13.3921
0 9 18514269 5 0 16.041
0 9 127091627 5 0 16.0305
0 9 62141265 4 0 32.2962
0 9 143832706 5 0 15.3438
0 9 62141182 5 0 10.79
0 9 147070365 4 0 14.5
0 10 31518192 4 0 18.6172
0 10 69536400 4 0 27.1165
0 10 63540380 5 0 21.5625
0 10 68882234 5 0 10.7902
0 10 76428841 5 0 14.4079
0 10 68518039 5 0 15.3086
0 10 68755585 4 0 13.849
0 10 38822658 4 0 10.7935
0 10 149917616 4 0 8.07616
0 10 68755584 4 0 13.3088
0 10 33535325 4 0 14.5
0 11 171389313 4 0 14.5
0 11 23185314 5 0 14.5
0 11 139943643 5 0 11.7109
0 11 23668629 4 0 39.5859
0 11 146886280 5 0 17.1875
0 11 23162317 4 0 13.75
0 11 69198270 5 0 10.13
0 11 7644837 4 0 16.0514
0 11 168405592 4 0 18.9375
0 11 13935263 4 0 12.1641
0 11 83025554 4 0 10.7924
0 11 69198347 5 0 10.3667
0 11 121775642 5 0 13.8125
0 11 11588716 4 0 10.13
0 12 48757679 5 0 15.4012
0 12 14923313 5 0 14.5
0 12 47421852 5 0 38.6387
0 12 48757547 5 0 17.221
0 12 48757629 4 0 12.8819
0 12 31297600 4 0 12.5078
0 12 32382610 4 0 12.91
0 12 14923314 5 0 31.0726
0 12 48777936 5 0 18.6116
0 12 32199301 5 0 15.7482
0 12 48757683 4 0 8.17
0 12 48529034 4 0 10.7895
0 12 22811958 5 0 13.9089
0 12 156718934 5 0 15.1875
0 12 48757630 5 0 47.8987
0 12 127907242 4 0 13.3973
0 12 48529031 5 0 17.6828
0 12 70792744 4 0 14.5
0 13 14068945 4 0 33.1882
0 13 25022574 5 0 14.2168
0 13 25022639 5 0 12.748
0 13 25141876 4 0 7.55429
0 13 25022573 4 0 76.5535
0 13 25022571 5 0 25.5927
0 13 101968534 5 0 16.0215
0 13 60766739 4 0 17.7157
0 13 60093334 5 0 8.17
0 13 6679217 5 0 11.8776
0 13 84861893 4 0 32.3088
0 14 29799735 5 0 10.0362
0 14 158507382 4 0 10.8005
0 14 21871245 5 0 7.62353
0 14 113497409 4 0 10.13
0 14 44081178 4 0 11.5212
0 14 29830842 4 0 15.2978
0 14 59057120 5 0 13.3914
0 14 44080856 4 0 15.0125
0 14 69019791 4 0 7.98665
0 14 44081051 4 0 51.1143
0 14 102569554 5 0 12.7252
0 14 44063754 4 0 13.3933
0 14 129460780 4 0 32.2995
0 14 44081052 4 0 10.768
0 15 2786154 4 0 26.8799
0 15 117395160 5 0 22.1405
0 15 2786034 5 0 12.0794
0 15 113401654 4 0 10.7764
0 15 106747305 4 0 28.2408
0 15 2786035 5 0 30.8756
0 15 2786153 4 0 28.9668
0 15 152284815 4 0 14.5
0 15 2786033 5 0 13.39
0 15 106798727 4 0 29.0293
0 15 125180706 5 0 14.0556
0 15 150059429 4 0 16.9062
0 15 105276916 4 0 12.2495
0 15 105276915 4 0 29.44
0 15 105276917 4 0 16.3886
0 15 81062752 4 0 14.5
0 15 44818713 5 0 16.6875
0 15 108862647 4 0 10.8584
0 15 103635604 5 0 10.8301
0 15 106041331 4 0 10.7886
0 15 117395014 4 0 17.1146
0 15 137296998 5 0 12.91
0 15 14159548 5 0 14.5
0 15 2786112 4 0 19.538
0 15 103708955 5 0 13.3901
0 15 105526642 4 0 11.7632
0 15 116667782 4 0 8.26615
0 15 14591483 5 0 10.875
0 15 107480435 5 0 18.7793
0 15 4287793 4 0 9.10016
0 15 72358428 4 0 14.9688
0 15 2786038 5 0 17.0902
0 15 2952436 4 0 9.61636
0 15 14159547 5 0 13.39
0 15 13234240 4 0 14.5
0 15 123840911 4 0 14.5
0 15 103679883 5 0 7.97705
0 16 73036978 5 0 10.0005
0 16 73510427 4 0 16.594
0 16 113807428 4 0 13.386
0 16 73044495 4 0 24.18
0 16 73510415 4 0 13.3928
0 16 112955541 5 0 8.17
0 16 26315457 4 0 10.7892
0 16 73044423 4 0 13.39
0 16 73510435 4 0 37.3004
0 16 2076557 5 0 12.25
0 16 114484173 4 0 8.08277
0 17 56273215 5 0 19.7283
0 17 56273213 5 0 13.379
0 17 113092591 4 0 14.5
0 17 67789362 4 0 8.66545
0 17 103841433 4 0 13.5156
0 17 127762273 4 0 13.39
0 17 114263036 4 0 15.1445
0 17 99824116 5 0 13.3834
0 18 103938975 5 0 8.48879
0 18 76619014 4 0 12.2684
0 18 104059671 4 0 13.3904
0 18 118108251 5 0 19.7266
0 18 152051803 5 0 33.75
0 18 118916252 5 0 8.17
0 19 36097032 5 0 12.91
0 19 100936517 4 0 27.6406
0 19 128948209 4 0 10.79
0 19 128942356 5 0 22.1939
0 19 84391990 5 0 14.7773
0 19 114834984 4 0 14.9772
0 19 128942585 5 0 20.224
0 19 79663152 4 0 34.3281
0 19 128948188 5 0 16.2851
0 19 33316192 4 0 13.4029
0 19 79486840 5 0 13.6094
0 19 50500222 4 0 13.7188
0 19 84107150 4 0 10.7888
0 19 5231676 5 0 11.4823
0 19 99914372 5 0 38.5781
0 19 140801543 5 0 13.3899
0 19 112775785 5 0 16.3125
0 19 114834904 5 0 13.1186
0 19 36902744 4 0 16.0625
0 19 66983766 5 0 15.1719
0 19 128948210 4 0 25.687
0 19 5197229 4 0 10.5998
0 19 128005366 5 0 16.0468
0 19 128942584 5 0 14.5
0 19 136592614 4 0 19.0808
0 19 140652451 5 0 7.71845
0 19 79663385 5 0 14.5
0 19 84107235 4 0 10.79
0 19 96139706 4 0 32.2995
0 19 128942355 5 0 16.05
0 19 128942354 5 0 14.2752
0 20 113674422 5 0 25.6452
0 20 87294587 5 0 11.6875
0 20 97560904 4 0 17.8129
0 20 97560823 5 0 18.1548
0 20 14034578 4 0 17.625
0 20 82780934 5 0 14.5
0 20 95857998 5 0 13.3687
0 20 97560823 4 0 16.5964
0 21 52460333 4 0 15.125
0 21 19088581 5 0 68.0739
0 21 17652386 4 0 31.9393
0 21 48508851 5 0 17.1005
0 21 27188879 5 0 10.8118
0 21 7774310 5 0 23.7336
0 21 146983836 5 0 8.83841
0 21 142725247 5 0 13.4862
0 21 18919606 5 0 28.0376
0 21 7801038 4 0 16.0533
0 21 7774316 5 0 8.49963
0 21 7774306 4 0 60.9219
0 21 7116642 4 0 16.3191
0 21 19088582 5 0 28.1527
0 21 18388718 5 0 12.7744
0 21 18330997 4 0 11.8293
0 21 48508844 4 0 16.7179
0 21 56769929 4 0 12.3798
0 21 18172527 5 0 10.13
0 21 51736115 5 0 12.91
0 21 13062923 4 0 13.3857
0 21 51736114 4 0 21.4903
0 21 15013850 5 0 22
0 21 6317480 4 0 16.1747
0 21 19047529 5 0 8.45916
0 21 6317505 4 0 32.3
0 21 51736119 4 0 13.3926
0 21 7774319 4 0 15.0351
0 21 18337461 4 0 11.9439
0 21 18172528 4 0 10.79
0 21 50530347 4 0 16.0312
0 21 7116179 4 0 10.6121
0 21 43810087 4 0 10.3691
0 21 128987740 5 0 14.5
0 21 18919650 5 0 13.39
0 21 18172529 5 0 16.05
0 22 12273347 5 0 13.1797
0 22 124994992 4 0 13.0112
0 22 100490394 4 0 15.8125
0 22 61470792 5 0 11.5703
0 22 60971903 4 0 27.3636
0 22 22765144 4 0 15.5234
0 22 117878701 5 0 12.0625
0 22 16318648 4 0 36.9375
0 22 104259273 4 0 12.75
0 22 68313424 5 0 12.5
0 22 35679076 5 0 16.0484
0 22 1876795 4 0 10.79
0 23 26293977 4 0 13.5807
0 23 5155966 4 0 18.75
0 23 26293976 4 0 12.1693
0 23 38041519 4 0 14.5
0 23 21574181 5 0 37.9375
0 23 88596470 5 0 16.6034
0 23 109614943 5 0 35.1875
0 23 137175116 4 0 14.5
0 23 140488158 5 0 8.17
0 23 26293978 4 0 10.13
0 23 20813570 4 0 17.5004
0 23 109673021 5 0 17.375
0 23 26012806 4 0 7.68117
0 23 38041506 4 0 32.3041
0 24 49961055 5 0 12.0413
0 24 41280381 4 0 8.57833
0 24 128408746 5 0 18.4336
0 24 9217531 4 0 15.6304
0 24 140347668 5 0 19.4562
0 24 9217545 5 0 16.05
0 24 29085943 5 0 12.91
0 24 9217541 4 0 28.4771
0 24 9217544 5 0 48.1945
0 24 128408745 5 0 16.158
0 24 34741355 5 0 16.0684
0 24 29010060 4 0 16.9954
0 24 29034316 5 0 13.9717
0 24 128295932 4 0 13.9988
0 24 9217622 5 0 35.6709
0 24 128295361 5 0 45.69
0 24 2285848 5 0 14.0732
0 24 2286568 5 0 12.8978
0 24 128408742 4 0 20.1356
0 24 128272145 5 0 16.8912
0 24 39566251 4 0 9.08118
0 24 2311316 4 0 10.7902
0 24 128295362 5 0 20.1707
0 24 31937262 5 0 9.58021
0 24 28406879 5 0 13.3897
0 24 29927202 4 0 32.3073
0 24 15922322 5 0 15.4389
0 24 128272156 4 0 14.3056
0 24 13361277 4 0 12.91
0 24 128269583 5 0 9.41231
0 24 105100583 5 0 16.0507
0 24 27507827 4 0 14.3057
0 24 15922319 4 0 13.3902
0 24 34741358 4 0 8.17
0 24 38477930 4 0 10.9238
0 25 102568025 4 0 17.3125
0 25 95163100 5 0 14.5
0 25 558070 5 0 33.5268
0 25 10972286 5 0 16.2969
0 25 83282417 4 0 13.39
0 25 5566104 4 0 18.1875
0 25 76293441 5 0 13.4457
0 25 76932620 4 0 11.8125
0 25 558067 5 0 14.3055
0 25 58580701 4 0 10.13
0 25 82593072 5 0 15.8594
0 25 76293434 4 0 30.0794
0 25 65455109 4 0 13.4086
0 25 55254571 5 0 8.2799
0 25 29304334 4 0 8.70757
0 25 558071 5 0 10.79
0 26 126602960 4 0 12.0785
0 26 107783252 5 0 13.875
0 26 72100388 4 0 11.4722
0 26 53978572 5 0 18.3359
0 26 53827222 5 0 15.5234
0 26 4752680 5 0 11.4453
0 26 126623477 5 0 10.79
0 26 20875067 5 0 13.3806
0 26 123696037 5 0 13.3917
0 26 96376257 5 0 11.7647
0 26 72100603 5 0 16.05
0 27 66281721 5 0 14.647
0 27 2931204 4 0 12.5625
0 27 24250946 5 0 7.99687
0 27 26787298 4 0 15.3045
0 28 34342807 5 0 22.3902
0 28 45006143 4 0 16.25
0 28 81615877 5 0 15.5781
0 28 6478250 5 0 13.3902
0 28 22050203 5 0 9.95673
0 28 37518543 5 0 13.7635
0 28 6477875 5 0 11.8296
0 28 79578902 4 0 9.13696
0 28 6511723 5 0 11.2222
0 28 21902014 4 0 20.4922
0 28 6478402 5 0 11.6577
0 28 6511800 4 0 14.3031
0 28 52548014 4 0 11.4583
0 28 6514467 5 0 15.2877
0 28 40150822 4 0 13.9062
0 28 21473288 5 0 8.09699
0 28 49571071 4 0 12.91
0 28 34342803 4 0 16.0474
0 29 94442109 5 0 39.625
0 29 75489709 5 0 14.5
0 30 1679871 5 0 46.1117
0 30 62928134 5 0 10.0019
0 30 61399215 4 0 8.3305
0 30 60926211 5 0 10.9964
0 30 60932369 4 0 41.3948
0 30 1679663 4 0 16.9425
0 30 68846430 5 0 17.1562
0 30 1082819 5 0 18.004
0 30 2354824 5 0 21.4527
0 30 62305175 4 0 12.7969
0 30 13148018 5 0 18.0762
0 30 62305466 5 0 19.7293
0 30 60932519 5 0 44.9972
0 30 958582 5 0 29.8877
0 30 1202250 4 0 7.80369
0 30 2354685 4 0 10.79
0 30 12947823 5 0 11.7764
0 30 914110 4 0 14.4366
0 30 1808565 4 0 18.1148
0 30 60932201 4 0 8.17
0 30 14579274 4 0 11.3101
0 30 75404853 5 0 9.57172
0 30 62067684 5 0 21.5439
0 30 62339684 5 0 19.6128
0 30 61532375 5 0 32.3
0 30 15488046 4 0 21.9315
0 30 15237324 5 0 32.2999
0 30 2354823 5 0 10.79
0 30 1165835 5 0 23.7706
0 30 1080495 4 0 14.8013
0 30 75062544 4 0 20.6885
0 30 81009620 4 0 18.9618
0 30 27013001 5 0 13.6786
0 30 62305207 5 0 17.1726
0 30 60932357 5 0 20.3805
0 30 958571 5 0 29.44
0 30 1080508 5 0 21.0482
0 30 75062549 5 0 14.8408
0 30 914129 5 0 14.691
0 30 61595365 5 0 14.5336
0 30 1206600 5 0 25.5049
0 30 60932359 5 0 16.6328
0 30 61684155 5 0 19.7863
0 30 61408420 5 0 12.006
0 30 1782384 5 0 14.8234
0 30 62339681 4 0 10.79
0 30 62302738 4 0 20.0413
0 30 14579357 4 0 10.7901
0 30 62339770 5 0 13.9794
0 30 62305468 5 0 21.58
0 30 62304760 5 0 12.9366
0 30 60932300 5 0 17.2681
0 30 14587017 5 0 17.417
0 30 62355107 4 0 13.885
0 30 13147718 5 0 7.63058
0 30 60932301 5 0 13.39
0 30 958577 4 0 45.2638
0 30 61405236 4 0 13.39
0 30 1206594 5 0 32.3
0 30 14601594 4 0 16.0501
0 30 62334265 4 0 9.38188
0 30 61408409 5 0 16.05
0 30 60932459 4 0 10.13
0 30 75926100 5 0 8.59605
0 30 61490560 5 0 12.91
0 30 61684156 5 0 13.39
0 30 14739724 4 0 7.96966
0 30 14579356 4 0 14.5
0 31 65489774 5 0 13.7416
0 31 5886517 4 0 40.4566
0 31 79386441 5 0 17.3438
0 31 7271435 4 0 17.0312
0 31 2432136 5 0 19.4375
0 31 7825415 5 0 32.5625
0 31 4205998 4 0 12.6875
0 32 25885802 4 0 23.5688
0 32 25885807 5 0 14.5319
0 32 55170447 4 0 14.3292
0 32 31636036 4 0 13.4567
0 32 31506418 5 0 16.0132
0 32 59041813 5 0 15.0748
0 32 25885817 4 0 17.4784
0 32 31506461 5 0 10.79
0 32 31506457 4 0 10.7822
0 33 39347872 5 0 11.5503
0 33 39358047 4 0 16.05
0 34 55139819 5 0 12.75
0 35 32796311 4 0 13.1174
0 35 34148227 4 0 14.3125
0 35 37100978 4 0 14.5
0 35 38871977 4 0 16.0462
0 35 36295387 4 0 15.8828
0 36 73998271 5 0 18.3125
0 38 35769438 5 0 14.078
0 38 38773213 4 0 13.4039
0 38 72834769 5 0 14.5
0 38 40279512 5 0 22.369
0 38 26816828 4 0 13.0391
0 38 37100234 5 0 12.91
0 39 37060155 5 0 14.5
0 39 49645243 5 0 13.3888
0 40 60866785 5 0 8.17
0 40 60866780 4 0 10.79
0 40 68190299 4 0 32.8125
0 40 70982829 5 0 33.0084
0 40 70982828 5 0 32.2976
0 42 42240588 5 0 22.8851
0 42 19794543 5 0 11.9363
0 42 21212944 4 0 9.55467
0 43 884869 5 0 17.8594
0 43 32107626 5 0 16.8675
0 43 993279 4 0 8.17
0 43 993278 4 0 12.0256
0 43 993225 4 0 32.3005
0 44 30837542 5 0 14.5
0 44 17946348 5 0 10.8128
0 45 44091717 5 0 8.25524
0 45 44681936 5 0 10.8073
0 46 199532146 5 0 20.6751
0 46 195447139 5 0 38.6553
0 46 141199664 4 0 14.3691
0 46 4707962 5 0 10.6808
0 46 199348227 4 0 14.5454
0 46 4734590 4 0 14.3606
0 46 183200335 4 0 20.5254
0 46 255944144 4 0 14.5
0 46 195429623 4 0 16.6323
0 46 183200333 4 0 14.5
0 46 10970239 5 0 16.6914
0 46 152049836 4 0 14.1211
0 46 199348138 4 0 23.1396
0 46 25565943 4 0 14.75
0 46 139751461 5 0 15.5742
0 46 141459577 5 0 48.6444
0 46 198111474 5 0 9.13158
0 46 9976728 5 0 14.8438
0 46 183230817 4 0 8.33831
0 46 106425304 4 0 12.8125
0 46 118203371 5 0 28.6875
0 46 198111015 4 0 9.02072
0 46 117042033 4 0 7.79678
0 46 11025132 5 0 10.7858
0 46 90910356 4 0 14.8613
0 46 154846526 5 0 20.8281
0 46 182434174 4 0 14.6558
0 46 33362874 4 0 9.49784
0 46 154038035 4 0 32.2992
0 46 154695567 5 0 13.0341
0 46 74994694 5 0 10.13
0 46 118902576 4 0 16.05
0 46 198094579 5 0 13.0659
0 46 11653792 4 0 16.05
0 46 115678311 4 0 14.5
0 46 76947048 5 0 16.0498
0 46 143536628 5 0 14.5
0 46 195081846 5 0 13.3898
0 46 103346169 4 0 8.24763
0 46 101201081 5 0 11.8597
0 46 154695541 4 0 13.3877
0 46 155037018 5 0 14.5
0 46 9812120 4 0 14.5
0 47 38353707 5 0 17.5625
0 47 180630400 4 0 21.0674
0 47 179780301 5 0 38.7061
0 47 112088568 5 0 10.6964
0 47 193105214 4 0 32.2722
0 47 206213820 5 0 46.246
0 47 206873674 4 0 7.91138
0 47 134666624 4 0 12.91
0 47 206213822 5 0 11.0485
0 47 138614307 4 0 12.91
0 47 21051204 4 0 16.875
0 47 206208971 4 0 47.1805
0 47 112100412 4 0 14.1421
0 47 193105213 4 0 16.05
0 47 20825320 4 0 16.0473
0 47 203971555 4 0 11.75
0 47 191897257 4 0 11.31
0 47 179780305 4 0 13.3904
0 47 206108342 5 0 13.4703
0 47 154644834 5 0 11.3125
0 47 206836010 5 0 15.8778
0 47 112100416 5 0 23.52
0 47 45435524 5 0 10.875
0 47 206209014 5 0 16.8167
0 47 205162984 5 0 32.3084
0 47 206108280 4 0 10.7953
0 47 188312012 5 0 10.9375
0 47 142631741 5 0 10.7931
0 47 149450159 5 0 10.13
0 47 203815812 4 0 8.07815
0 47 206213818 4 0 18.3514
0 47 160777496 4 0 10.13
0 47 193105212 4 0 11.1899
0 47 206835823 4 0 13.39
0 48 243143295 4 0 11.6541
0 48 77372892 5 0 16.75
0 48 77404031 4 0 15.5915
0 48 243056780 5 0 20.6506
0 48 104732072 5 0 14.5
0 48 243143297 4 0 38.0161
0 48 216749164 4 0 74.4396
0 48 244387879 4 0 10.79
0 48 243056032 4 0 17.9573
0 48 242980285 4 0 15.9158
0 48 36880723 4 0 13.3537
0 48 36880805 5 0 20.3021
0 48 77403943 4 0 20.27
0 48 244602870 4 0 9.85277
0 48 36196448 5 0 7.87288
0 48 242962897 4 0 12.3645
0 48 36880722 5 0 16.8699
0 48 255081595 4 0 24.1096
0 48 36880678 5 0 14.2214
0 48 243056771 5 0 22.7972
0 48 17152852 4 0 14.5
0 48 36151977 4 0 8.33619
0 48 52580510 5 0 45.1737
0 48 217715592 5 0 16.0614
0 48 243056778 4 0 29.1695
0 48 253851329 5 0 8.17
0 48 99789810 4 0 32.3001
0 48 243143407 5 0 10.79
0 48 255081586 4 0 26.78
0 48 255030040 5 0 14.8384
0 48 68052559 5 0 26.1875
0 48 244387908 5 0 8.17
0 48 22485040 5 0 11.375
0 48 255214537 4 0 9.04902
0 48 36880677 4 0 24.0318
0 48 255002647 4 0 7.85899
0 48 52580516 4 0 10.79
0 48 79151026 5 0 14.5
0 48 243143298 4 0 23.52
0 48 242985273 4 0 29.4401
0 48 243056461 5 0 15.1984
0 48 242985268 5 0 14.9175
0 48 253849001 4 0 10.7565
0 48 79722296 5 0 32.3069
0 48 255081697 5 0 10.8485
0 48 15938989 4 0 13.3907
0 48 79573944 4 0 14.5
0 48 125142868 4 0 16.6914
0 48 244387059 4 0 8.66054
0 48 244387909 5 0 18.5351
0 48 186092867 5 0 14.5
0 48 77428454 4 0 13.3806
0 49 231632257 4 0 57.3154
0 49 9384460 4 0 13.3867
0 49 229411714 4 0 16.3574
0 49 223311667 4 0 12.91
0 49 229381166 4 0 16.3817
0 49 217566882 4 0 12.2102
0 49 201737315 5 0 14.5
0 49 15980408 5 0 15.8779
0 49 252508759 4 0 21.3281
0 49 97694387 5 0 9.1863
0 49 218715851 5 0 8.61207
0 49 15776036 5 0 18.6782
0 49 231632342 4 0 10.79
0 49 15980403 4 0 15.8288
0 49 9384463 5 0 19.668
0 49 219208161 4 0 27.0473
0 49 15776035 5 0 50.2207
0 49 123272413 4 0 16.0205
0 49 219858805 5 0 7.6732
0 49 217131330 5 0 14.502
0 49 231632348 5 0 8.17
0 49 219907210 4 0 15.2656
0 49 206384219 5 0 10.79
0 49 219907211 4 0 10.7905
0 49 230113798 5 0 10.8088
0 49 219110179 5 0 10.7901
0 49 229381168 5 0 32.3
0 49 110843426 5 0 12.91
0 50 30466965 5 0 18.9161
0 50 151258962 4 0 18.25
0 50 125858198 4 0 12.8885
0 50 69808068 4 0 7.60493
0 50 121874323 5 0 16.0457
0 50 187688256 4 0 11.7385
0 50 129235126 4 0 26.8403
0 50 12195219 4 0 19.1562
0 50 141440451 4 0 14.4219
0 50 141440450 4 0 13.3893
0 50 58117447 4 0 17.5
0 50 70286748 4 0 14.5
0 50 195476444 4 0 10.7707
0 50 43854804 5 0 7.79219
0 51 190409439 5 0 49.9632
0 51 105786944 4 0 14.5
0 51 106738134 5 0 10.2363
0 51 108232051 4 0 10.79
0 51 47294844 5 0 14.0524
0 51 109627196 4 0 16.9829
0 51 153477270 5 0 17.875
0 51 190409508 5 0 15.32
0 51 116017285 5 0 46.1815
0 51 106131289 5 0 13.5303
0 51 47294843 4 0 17.6906
0 51 118219022 5 0 12.7808
0 51 126160474 4 0 14.481
0 51 104629798 4 0 10.7899
0 51 116949806 5 0 11.4628
0 51 51310988 5 0 16.8203
0 51 121617283 4 0 10.7901
0 51 126045008 5 0 11.2855
0 51 116838096 4 0 16.9272
0 51 48364826 4 0 13.0009
0 51 128353535 5 0 43.9296
0 51 104605263 5 0 10.0493
0 51 128353534 5 0 17.3078
0 51 165354583 4 0 48.4139
0 51 116057171 5 0 19.0176
0 51 128353546 5 0 11.3003
0 51 116938634 5 0 14.5488
0 51 190409496 4 0 18.8233
0 51 190409420 5 0 38.2268
0 51 109009596 5 0 15.5146
0 51 128873787 4 0 19.8047
0 51 109056393 5 0 8.27105
0 51 116802773 4 0 9.68211
0 51 104629793 4 0 21.4433
0 51 113260639 4 0 10.8672
0 51 1485960 4 0 13.3907
0 51 109627193 5 0 10.13
0 51 82854489 4 0 16.5938
0 51 1486049 4 0 14.1288
0 51 190409434 4 0 32.3
0 51 129191027 4 0 10.13
0 51 128266703 5 0 15.49
0 51 128353533 5 0 18.96
0 51 128102339 5 0 19.4058
0 51 36736727 4 0 12.2639
0 51 121780047 4 0 9.26367
0 51 128242956 5 0 20.7281
0 51 126045009 5 0 13.3899
0 51 128242961 4 0 26.7801
0 51 1486067 5 0 14.5
0 51 113915561 5 0 9.51149
0 51 108433080 4 0 14.5
0 51 128243128 4 0 12.91
0 51 109048142 5 0 10.7902
0 52 27736066 4 0 26.552
0 52 19206987 5 0 13.543
0 52 88452548 5 0 14.5
0 52 18712677 5 0 13.3879
0 52 146762106 4 0 19.2422
0 52 170090192 4 0 13.5955
0 52 121328987 5 0 13
0 52 100167781 4 0 10.7918
0 52 201315257 4 0 11.9463
0 52 116199754 5 0 10.7915
0 52 27736210 5 0 12.9501
0 52 170090421 5 0 26.5858
0 52 18712599 5 0 13.39
0 52 158163411 4 0 12.7978
0 52 170090435 5 0 8.17
0 52 61462262 5 0 10.9039
0 52 25478940 5 0 10.8438
0 52 127050052 4 0 33.8232
0 52 122672394 4 0 13.25
0 52 123241012 4 0 15.7266
0 52 3977802 4 0 14.2456
0 52 18712608 4 0 12.9971
0 52 112179709 4 0 27.889
0 52 112179792 5 0 11.3382
0 52 116199748 4 0 14.8921
0 52 111877961 5 0 13.3935
0 52 158163554 5 0 20.0017
0 52 158229356 4 0 18.096
0 52 158163553 5 0 13.3879
0 52 201850472 4 0 20.3113
0 52 46259038 4 0 9.41639
0 52 10195827 4 0 14.5
0 52 23987394 5 0 35.7585
0 53 92716083 5 0 29.8456
0 53 79760281 5 0 71.5021
0 53 78548326 5 0 14.1776
0 53 92324673 5 0 16.1877
0 53 78548244 5 0 11.7403
0 53 92883988 5 0 13.2905
0 53 37429763 5 0 16.0625
0 53 92884302 5 0 32.3
0 53 79614140 4 0 32.9484
0 53 79760712 5 0 19.3755
0 53 79760280 5 0 28.6652
0 53 92453598 5 0 9.6358
0 53 41844187 4 0 18.5312
0 53 79896188 5 0 14.0144
0 53 79760716 4 0 32.9834
0 53 188181349 4 0 22.5
0 53 79520348 4 0 11.2729
0 53 79608238 4 0 25.2657
0 53 79760799 4 0 26.84
0 53 75289428 5 0 8.44644
0 53 101040635 4 0 10.0486
0 53 176159943 5 0 8.17
0 53 79765231 5 0 12.0653
0 53 78591375 4 0 22.7391
0 53 91433751 4 0 13.6001
0 53 79479 4 0 10.7866
0 53 79968431 5 0 18.8852
0 53 78548327 5 0 17.4349
0 53 79760593 5 0 43.09
0 53 154311343 4 0 14.5
0 53 79760280 4 0 10.79
0 53 92716104 5 0 25.7222
0 53 78964245 5 0 12.9349
0 53 79311471 4 0 15.5392
0 53 79760798 4 0 20.2133
0 53 91433752 4 0 10.79
0 53 92405747 5 0 14.3274
0 53 79525134 5 0 8.11851
0 53 79968404 4 0 11.418
0 53 79311551 4 0 13.39
0 53 92381411 5 0 10.3293
0 53 92716082 5 0 16.6455
0 53 79874765 5 0 14.5
0 53 79520349 4 0 35.9037
0 53 170251648 4 0 10.13
0 53 79614222 4 0 32.3
0 53 79968433 4 0 10.13
0 53 79608239 4 0 12.2814
0 53 92716106 4 0 14.5
0 53 92716500 4 0 10.13
0 54 84106038 5 0 9.70664
0 54 96403035 4 0 16.625
0 54 96440904 4 0 26.78
0 54 55606072 5 0 10.4255
0 54 82762664 5 0 30.1117
0 54 96440918 5 0 13.7552
0 54 96440902 4 0 37.2166
0 54 96304876 4 0 10.4025
0 54 96440882 4 0 32.3
0 54 87604720 5 0 32.2992
0 54 96440906 4 0 71.9948
0 54 96440883 5 0 32.3
0 54 85408641 5 0 10.5932
0 54 96440881 4 0 13.39
0 54 97817409 4 0 14.7109
0 54 8727362 4 0 13.39
0 54 82762656 5 0 14.0312
0 54 9080243 4 0 14.5
0 54 10226220 4 0 16.3125
0 54 90481652 4 0 9.54487
0 54 96440905 4 0 8.17
0 54 96440912 4 0 16.05
0 54 96440907 4 0 16.9233
0 55 171172591 5 0 30.8697
0 55 169556687 4 0 20.75
0 55 152368812 4 0 7.52666
0 55 169836809 5 0 12.1941
0 55 156811093 5 0 9.49595
0 55 169556691 5 0 14.7188
0 55 170598369 4 0 14.5
0 55 16399789 5 0 14.8359
0 55 8011679 4 0 14.5
0 55 170598372 5 0 17.4062
0 55 171172500 4 0 10.79
0 55 169835734 4 0 8.89675
0 55 169558689 4 0 15.9557
0 55 84842893 5 0 10.1947
0 56 19852506 5 0 19.1875
0 56 51713333 5 0 21.131
0 56 57652472 4 0 13.391
0 56 52007538 4 0 10.7906
0 56 60839434 4 0 10.8635
0 56 14764013 5 0 9.88833
0 56 18367126 5 0 14.3637
0 56 2072412 4 0 32.9375
0 56 55080468 5 0 14.5
0 56 14764012 5 0 13.3617
0 58 16044410 5 0 16.2578
0 58 88611046 4 0 10.7882
0 58 17613878 4 0 69.0877
0 58 17613527 4 0 10.7795
0 58 121246600 5 0 13.3779
0 58 88612616 5 0 8.14933
0 59 126330075 5 0 13.3909
0 59 115136296 4 0 16.8089
0 59 114102883 5 0 17.9832
0 59 113641486 4 0 9.85534
0 59 168742002 4 0 10.7877
0 59 102803673 5 0 22.7188
0 59 114368377 5 0 32.2999
0 59 114238031 5 0 18.3203
0 59 114359371 5 0 8.65865
0 59 114359319 5 0 16.05
0 60 37082891 5 0 13.3854
0 60 41264162 4 0 18.875
0 60 47620322 4 0 41.6286
0 60 42050115 5 0 14.5
0 60 18707792 5 0 8.56966
0 60 22619545 5 0 32.3007
0 60 48399595 4 0 12.3713
0 60 47238149 4 0 7.98446
0 60 7764624 5 0 10.78
0 60 32674285 5 0 10.7759
0 61 128934932 5 0 10.8272
0 61 128987332 4 0 14.6499
0 61 69496892 5 0 18.0455
0 61 129029400 5 0 14.5
0 61 154966550 5 0 13.1375
0 61 10962717 4 0 13.875
0 61 128987358 4 0 14.7976
0 61 128987202 5 0 19.3562
0 61 128987201 5 0 10.79
0 61 128987309 4 0 8.62895
0 61 142638881 5 0 10.5947
0 61 2444804 5 0 19.4058
0 61 109977246 4 0 13.39
0 61 69496909 5 0 32.3008
0 62 136386088 5 0 16.0286
0 63 64449221 5 0 13.492
0 63 21833860 5 0 13.3896
0 63 77889963 5 0 10.5655
0 63 7859152 5 0 10.8049
0 63 75907058 5 0 20.3398
0 63 9349515 5 0 7.91118
0 63 64449224 5 0 28.0323
0 63 20073543 4 0 10.7951
0 63 51814785 5 0 12.8274
0 63 64038833 4 0 19.961
0 63 149509889 4 0 8.17
0 63 28494667 4 0 10.5273
0 63 83205488 4 0 14.98
0 63 64449230 4 0 13.8243
0 63 51909771 5 0 17.8265
0 63 64449140 4 0 17.438
0 63 84698029 5 0 33.5625
0 63 64449228 4 0 15.6583
0 63 66610582 4 0 14.5
0 64 62133038 4 0 13.9476
0 64 62132894 4 0 26.7315
0 64 80379943 5 0 16
0 64 65502783 5 0 16.0379
0 65 2570207 5 0 10.7897
0 65 2343374 5 0 13.9541
0 65 35215506 4 0 8.44529
0 65 2570204 4 0 17.0004
0 65 35239686 5 0 18.0562
0 65 82281332 5 0 14.6402
0 65 2381475 5 0 13.3832
0 65 2566086 5 0 7.74379
0 65 75325419 5 0 14
0 65 36049509 4 0 12.2812
0 65 12575382 4 0 9.96062
0 65 128064532 5 0 10.7668
0 65 125270046 5 0 8.79574
0 66 147855730 5 0 13.3357
0 66 81749524 4 0 11.5216
0 66 48671297 5 0 14.5
0 66 96831043 4 0 8.42618
0 66 109826985 5 0 18.8516
0 66 109002815 5 0 13.3808
0 66 97221218 5 0 16.0195
0 66 100662239 5 0 10.6606
0 66 16036813 4 0 8.1493
0 66 136699089 4 0 9.24978
0 66 135569793 4 0 32.3
0 66 147855727 4 0 16.05
0 66 15252758 4 0 19.3125
0 66 136132475 5 0 16.0742
0 66 109069809 4 0 11.1875
0 66 49533658 5 0 14.9375
0 66 97245200 4 0 10.2443
0 66 83025493 5 0 15.9017
0 66 96978608 4 0 14.5
0 66 121790782 5 0 32.3007
0 66 99872234 4 0 21.1875
0 66 135569395 5 0 19.7003
0 66 123495204 4 0 13.3897
0 67 49253618 4 0 61.9935
0 67 97708716 4 0 14.1117
0 67 64272078 5 0 20.7038
0 67 28052185 5 0 10.791
0 67 41766753 4 0 14.4408
0 67 29622213 5 0 19.0427
0 67 49253619 4 0 25.4671
0 67 64546125 4 0 16.1406
0 67 65935861 5 0 11.707
0 67 53174218 5 0 16.0492
0 67 40754790 4 0 14.5
0 67 113783338 5 0 13.4026
0 67 103244144 4 0 22.875
0 67 64278646 5 0 16.0503
0 67 49253603 5 0 13.3844
0 68 140447999 5 0 14.109
0 68 76998788 4 0 10.7715
0 68 120869994 5 0 33.1328
0 68 141909837 4 0 35.4778
0 68 140504078 4 0 14.7334
0 68 76958011 4 0 22.6348
0 68 153459376 4 0 28.9433
0 68 153459972 5 0 42.1903
0 68 153459670 5 0 17.9013
0 68 142103470 4 0 16.0225
0 68 141803806 4 0 12.2489
0 68 124485893 4 0 8.04227
0 68 153459828 4 0 25.4115
0 68 141909836 4 0 10.79
0 68 142102409 5 0 16.36
0 68 153459261 5 0 17.4233
0 68 152543770 4 0 7.70083
0 68 153459752 5 0 13.39
0 68 141909835 4 0 20.506
0 68 81588603 4 0 13.8343
0 68 153487458 5 0 11.6542
0 68 140456819 4 0 13.5397
0 68 42946729 5 0 16.695
0 68 153460171 5 0 51.4754
0 68 144197451 4 0 16.05
0 68 80933547 4 0 21.27
0 68 1428198 4 0 14.1423
0 68 153459268 4 0 14.3796
0 68 131645866 4 0 16.6875
0 68 152487062 5 0 8.03705
0 68 153459779 4 0 15.782
0 68 42221808 5 0 7.87652
0 68 140503887 4 0 16.05
0 68 77548103 4 0 16.0502
0 68 153459258 4 0 17.4713
0 68 76931333 5 0 13.3903
0 68 153487247 5 0 10.79
0 68 140504075 5 0 13.39
0 68 130850270 4 0 10.791
0 68 140504049 5 0 9.30251
0 68 153459381 5 0 13.0856
0 68 107977141 5 0 13.3889
0 69 75486916 5 0 17.5938
0 69 76569017 5 0 30.0986
0 69 76569344 4 0 17.3014
0 69 76569016 5 0 36.1287
0 69 63540512 4 0 11.9828
0 69 12913269 5 0 13.8125
0 69 51502648 4 0 16.6875
0 69 145072156 4 0 9.28852
0 69 76569346 4 0 8.17
0 69 92032857 4 0 14.5
0 69 129505867 5 0 14.5
0 69 63539000 4 0 9.85459
0 69 63558912 4 0 13.39
0 70 12188296 5 0 25.317
0 70 75234306 4 0 10.0086
0 70 4868548 5 0 29.2233
0 70 25766326 5 0 17.4977
0 70 6867977 5 0 8.55229
0 70 21041343 4 0 35.1054
0 70 23039973 4 0 20.3574
0 70 5627491 4 0 13.5345
0 70 19636975 4 0 20.5039
0 70 8559515 4 0 19.3838
0 70 21041251 5 0 21.67
0 70 25838034 4 0 14.595
0 70 51287329 5 0 32.2993
0 70 22403516 4 0 10.2709
0 70 868234 4 0 7.9952
0 70 6900764 4 0 29.2141
0 70 41921480 4 0 8.17
0 70 32774873 4 0 12.9644
0 70 25766166 5 0 14.3503
0 70 12188297 4 0 19.2794
0 70 5633173 5 0 16.05
0 70 5738469 5 0 13.6875
0 70 860766 4 0 12.91
0 70 26632915 4 0 18.2285
0 70 67820768 4 0 13.1875
0 70 6900758 4 0 13.8691
0 70 11686507 4 0 44.6303
0 70 25756880 5 0 11.5239
0 70 70694856 5 0 9.66781
0 70 75038218 4 0 14.5
0 70 25766165 5 0 11.31
0 70 32774917 5 0 19.6868
0 70 25699773 5 0 10.79
0 70 12963030 4 0 19.4693
0 70 25756879 5 0 14.5
0 70 12188296 4 0 16.0491
0 70 62390299 5 0 10.8039
0 70 71739203 5 0 13.7815
0 70 14171723 5 0 12.25
0 70 12188227 5 0 16.2773
0 70 5633412 5 0 13.39
0 70 23227141 4 0 11.1986
0 70 32774874 4 0 538.998
0 70 21041250 5 0 8.17
0 70 860765 4 0 13.3897
0 70 12171122 4 0 13.3908
0 71 34018421 4 0 10.0271
0 71 18905390 4 0 13.9289
0 71 18363088 5 0 16.0539
0 71 18935015 5 0 14.5
0 71 95232779 5 0 10.13
0 71 18932369 5 0 16.0512
0 71 18279222 5 0 8.47492
0 71 8101418 4 0 16.052
0 71 18916372 4 0 16.05
0 71 26308892 5 0 19.0625
0 71 18905394 5 0 39.169
0 71 18059058 4 0 12.91
0 71 18363093 4 0 10.79
0 71 18932364 4 0 18.5051
0 71 18932367 4 0 14.9984
0 71 8101417 4 0 37.1883
0 71 47359115 4 0 14.2031
0 71 105837249 4 0 13.4196
0 71 88901769 5 0 30.55
0 71 18363094 4 0 16.05
0 71 12920494 5 0 14.5
0 71 43201721 5 0 10.3796
0 71 4160899 4 0 15.5441
0 71 97044683 4 0 11.31
0 71 11545592 4 0 7.6799
0 71 48504063 4 0 12.91
0 71 88105133 4 0 32.2966
0 72 73102941 5 0 30.2347
0 72 73093904 4 0 16.7494
0 72 69864995 4 0 10.8561
0 72 382299 4 0 12.91
0 72 70206979 5 0 9.47076
0 72 34332019 5 0 17.25
0 72 70849553 5 0 18.0788
0 72 66952638 4 0 8.06573
0 73 90946835 4 0 19.5975
0 73 78220324 4 0 10.79
0 73 16417993 5 0 19.625
0 73 16417364 5 0 22.9637
0 73 78220227 5 0 32.7316
0 73 103335091 4 0 15.5625
0 73 101374822 4 0 10.13
0 73 78220239 5 0 11.4971
0 73 78220325 4 0 10.79
0 73 101374828 5 0 20.7775
0 73 78220323 4 0 15.0294
0 73 101418923 4 0 14.875
0 73 2575066 5 0 14.7812
0 73 90443023 5 0 10.817
0 73 55032984 4 0 24.6244
0 73 55032983 4 0 12.91
0 73 78220313 4 0 10.79
0 73 101374917 5 0 16.2088
0 73 28899704 4 0 8.18249
0 73 101951772 5 0 8.09183
0 73 78220328 5 0 11.5179
0 73 16417370 5 0 32.3019
0 73 54549209 5 0 10.875
0 74 82269823 4 0 20.9843
0 74 82470938 4 0 8.96108
0 74 82269822 4 0 10.13
0 74 82269818 4 0 10.79
0 75 10257964 4 0 29.126
0 75 80620979 4 0 43.09
0 75 8033374 4 0 14.5
0 75 18348001 4 0 20.9375
0 75 80141258 4 0 13.6564
0 75 80620980 4 0 40.6701
0 75 39299940 4 0 11.625
0 75 80633448 5 0 16.463
0 75 13317644 4 0 22.4861
0 75 37694384 4 0 14.5
0 75 13391954 4 0 8.84721
0 76 33411141 5 0 13.3766
0 76 25568878 5 0 14.5
0 76 24866396 4 0 8.17
0 77 39176540 5 0 13.25
0 77 16719220 4 0 32.3292
0 77 16789242 4 0 14.5
0 78 46515801 4 0 8.04339
0 78 59627483 4 0 13.3835
0 78 46515738 4 0 23.468
0 79 65935706 5 0 13.3908
0 79 12777628 5 0 14.5769
0 80 71635619 4 0 14.5
0 80 71094046 4 0 39.6222
0 80 71094047 5 0 42.81
0 80 1473738 4 0 13.8125
0 80 71094116 4 0 30.5293
0 80 71635618 4 0 11.1009
0 80 2158841 5 0 23.5
0 80 72599395 4 0 16.047
0 80 39510697 4 0 14.5
0 80 40009429 5 0 19.75
0 81 76113559 4 0 13.39
0 81 76113623 4 0 26.0951
0 81 66092703 5 0 15.8993
0 81 76113446 5 0 13.8812
0 81 36559622 5 0 8.24001
0 81 73993326 4 0 10.4153
0 82 26088963 5 0 15.1875
0 82 29482528 4 0 10.7633
0 82 57798050 5 0 14.625
0 82 33999413 4 0 13.3923
0 83 61888168 4 0 9.69289
0 83 4874424 5 0 35.75
0 84 3067646 4 0 9.31843
0 85 66227365 4 0 18.6036
0 85 66227361 5 0 10.7823
0 86 34017258 5 0 7.55651
0 86 75611095 5 0 16.0532
0 87 24968592 4 0 20.125
0 87 34951371 4 0 39.3545
0 87 48235566 5 0 15.6795
0 87 49404243 4 0 10.7892
0 87 26467065 5 0 15.7188
0 87 52023821 5 0 18.1484
0 87 51072874 5 0 14.5
0 87 39783151 5 0 10.808
0 88 8499155 4 0 8.1775
0 88 6526036 4 0 15.75
0 90 8393430 4 0 14.0404
0 90 8393430 5 0 17.9571
0 90 8393429 4 0 26.84
0 90 26974969 4 0 13.8532
0 90 8393427 4 0 11.5837
0 90 8393350 4 0 11.8208
0 90 26974804 5 0 28.6744
0 90 8393496 5 0 59.8674
0 90 8393495 5 0 16.6381
0 90 26975051 5 0 19.0099
0 90 11449872 4 0 9.41657
0 90 8393345 4 0 14.7556
0 90 8393428 5 0 10.79
0 90 8393346 4 0 10.79
0 90 8393499 4 0 15.9313
0 90 8393673 4 0 13.39
0 90 26975054 5 0 10.79
0 90 40437900 4 0 14.5
1 0 23604882 4 1 1
1 0 128950819 4 1 1
1 0 23596506 5 1 1
1 0 34548695 5 1 1
1 0 145133937 4 1 1
1 0 144960014 4 1 1
1 1 158030782 4 1 1
1 1 234744342 5 1 1
1 1 242723732 4 1 1
1 1 229832630 4 1 1
1 1 253444416 4 1 1
1 1 256685598 5 1 1
1 1 256685430 4 1 1
1 1 256685602 4 1 1
1 1 71850083 5 1 1
1 1 220699608 5 1 1
1 1 242289805 4 1 1
1 1 169451076 5 1 1
1 1 148639057 5 1 1
1 1 159921295 4 1 1
1 1 112057179 5 1 1
1 1 177957196 5 1 1
1 1 153399361 4 1 1
1 1 81183460 5 1 1
1 1 222596235 5 1 1
1 1 170372134 5 1 1
1 1 239949448 5 1 1
1 1 154014221 5 1 1
1 1 110114779 4 1 1
1 1 219948897 5 1 1
1 1 170170252 5 1 1
1 1 234156348 5 1 1
1 1 169600932 4 1 1
1 1 153993743 4 1 1
1 1 222760404 4 1 1
1 1 150539356 5 1 1
1 1 170335686 4 1 1
1 2 133613382 5 1 1
1 2 88869239 5 1 1
1 2 77543212 5 1 1
1 2 32245112 5 1 1
1 2 77663521 4 1 1
1 2 230705720 4 1 1
1 2 121350830 5 1 1
1 2 123885360 4 1 1
1 3 74101575 5 1 1
1 3 240090962 4 1 1
1 3 249055944 4 1 1
1 3 63704113 4 1 1
1 3 251263371 5 1 1
1 3 251918832 5 1 1
1 3 236477604 5 1 1
1 3 64917941 4 1 1
1 3 73502475 5 1 1
1 3 240460066 5 1 1
1 4 198522398 4 1 1
1 4 77950145 4 1 1
1 4 31155780 4 1 1
1 4 41809848 5 1 1
1 4 40142398 5 1 1
1 4 88346111 5 1 1
1 4 185378151 4 1 1
1 4 156011706 5 1 1
1 5 79022493 4 1 1
1 5 77727170 4 1 1
1 5 78304935 4 1 1
1 5 40015342 4 1 1
1 6 198874363 4 1 1
1 6 199464006 5 1 1
1 6 198390016 5 1 1
1 6 198886560 5 1 1
1 6 198036031 4 1 1
1 6 163312474 5 1 1
1 6 164014195 4 1 1
1 6 56416115 5 1 1
1 6 198227656 4 1 1
1 6 199464935 5 1 1
1 6 199443497 5 1 1
1 6 200251315 4 1 1
1 6 198886500 4 1 1
1 6 47580826 5 1 1
1 6 164005466 5 1 1
1 6 47676993 4 1 1
1 6 89046358 4 1 1
1 6 24602551 5 1 1
1 6 198035816 4 1 1
1 6 164005679 4 1 1
1 6 162454677 5 1 1
1 6 198389986 5 1 1
1 6 199464004 4 1 1
1 6 162454620 5 1 1
1 6 200248196 4 1 1
1 7 2522919 5 1 1
1 7 2854387 5 1 1
1 7 47540470 5 1 1
1 7 89705478 4 1 1
1 7 56967431 4 1 1
1 7 185765101 5 1 1
1 7 88981349 4 1 1
1 8 179599029 4 1 1
1 8 176509957 4 1 1
1 8 178714693 5 1 1
1 8 179561705 4 1 1
1 8 174927305 4 1 1
1 8 86754129 5 1 1
1 8 147053667 4 1 1
1 9 75805004 5 1 1
1 9 27812346 4 1 1
1 9 62141184 5 1 1
1 9 127091595 4 1 1
1 9 37434044 5 1 1
1 9 2999229 5 1 1
1 9 161169330 4 1 1
1 9 122286837 4 1 1
1 10 68755357 5 1 1
1 10 64275078 4 1 1
1 10 63540383 4 1 1
1 10 31518162 4 1 1
1 10 149917124 4 1 1
1 10 79819365 5 1 1
1 10 40062797 5 1 1
1 10 31618831 5 1 1
1 10 68517964 5 1 1
1 10 34855948 4 1 1
1 11 83025334 4 1 1
1 11 128429939 5 1 1
1 11 69198278 4 1 1
1 11 178991059 4 1 1
1 11 171245531 5 1 1
1 11 138396449 5 1 1
1 11 82994496 4 1 1
1 12 14923309 4 1 1
1 12 48855752 5 1 1
1 12 157234665 4 1 1
1 12 14923333 4 1 1
1 12 158454202 5 1 1
1 12 48529108 5 1 1
1 12 35919120 5 1 1
1 12 48757713 5 1 1
1 13 85346239 5 1 1
1 13 84861896 5 1 1
1 13 14068855 5 1 1
1 14 29830848 4 1 1
1 14 23964571 5 1 1
1 14 44081182 5 1 1
1 14 41849571 4 1 1
1 14 158516162 5 1 1
1 15 150059487 4 1 1
1 15 81062758 5 1 1
1 15 37868479 4 1 1
1 15 105526927 5 1 1
1 15 71168936 5 1 1
1 15 2952448 4 1 1
1 15 106747396 5 1 1
1 15 117394450 4 1 1
1 15 118150134 4 1 1
1 15 136671192 5 1 1
1 15 116670667 4 1 1
1 15 103635543 5 1 1
1 15 106819615 4 1 1
1 15 105526752 4 1 1
1 15 105276844 5 1 1
1 15 78557146 4 1 1
1 15 2786150 4 1 1
1 15 3557203 5 1 1
1 15 116683495 5 1 1
1 15 109261898 4 1 1
1 15 14591478 4 1 1
1 15 104672571 5 1 1
1 15 14159468 5 1 1
1 15 116667846 5 1 1
1 16 91204175 4 1 1
1 16 142010695 4 1 1
1 16 23182875 5 1 1
1 16 73036982 5 1 1
1 16 54408540 4 1 1
1 16 53693715 4 1 1
1 16 85102105 4 1 1
1 16 25030137 4 1 1
1 16 85175172 5 1 1
1 16 73529320 4 1 1
1 17 5360513 4 1 1
1 17 126415267 5 1 1
1 17 67802011 5 1 1
1 17 48379563 4 1 1
1 17 5509038 4 1 1
1 17 5839829 5 1 1
1 17 126414981 4 1 1
1 18 118025937 4 1 1
1 18 76308989 5 1 1
1 18 62231341 5 1 1
1 18 76351526 5 1 1
1 18 104006372 4 1 1
1 19 86132420 5 1 1
1 19 113814670 4 1 1
1 19 48151315 4 1 1
1 19 5240074 5 1 1
1 19 66983748 5 1 1
1 19 75325825 4 1 1
1 19 4607094 5 1 1
1 19 76198684 5 1 1
1 19 100936437 5 1 1
1 19 4607096 5 1 1
1 19 128942388 4 1 1
1 19 35033966 5 1 1
1 19 4607080 4 1 1
1 19 96549179 4 1 1
1 19 5240119 4 1 1
1 20 95858079 5 1 1
1 20 8899470 4 1 1
1 20 102636445 5 1 1
1 20 97560934 4 1 1
1 21 18172503 4 1 1
1 21 18467426 5 1 1
1 21 6317477 4 1 1
1 21 49269783 5 1 1
1 21 18247699 4 1 1
1 21 142725253 5 1 1
1 21 48508845 4 1 1
1 21 17687130 5 1 1
1 21 18334177 5 1 1
1 21 18330905 4 1 1
1 21 57974255 4 1 1
1 22 21964889 5 1 1
1 22 104871673 5 1 1
1 22 7591242 4 1 1
1 22 49302118 4 1 1
1 22 101959291 5 1 1
1 22 1876882 5 1 1
1 22 2863363 4 1 1
1 22 60969911 5 1 1
1 22 104491504 5 1 1
1 22 61505318 5 1 1
1 23 20813483 5 1 1
1 23 108880626 5 1 1
1 23 26293979 4 1 1
1 23 120086915 4 1 1
1 23 20819901 5 1 1
1 23 106500242 5 1 1
1 23 109673081 5 1 1
1 24 140484931 4 1 1
1 24 8475537 5 1 1
1 24 3060364 4 1 1
1 24 128249797 5 1 1
1 24 38439149 5 1 1
1 24 3079887 5 1 1
1 24 128296020 4 1 1
1 24 128295922 4 1 1
1 24 104146707 4 1 1
1 24 28904025 5 1 1
1 24 31937214 5 1 1
1 24 128408695 5 1 1
1 24 49961212 4 1 1
1 24 8475405 4 1 1
1 24 2426883 5 1 1
1 24 128236650 5 1 1
1 24 39455912 4 1 1
1 24 13360230 5 1 1
1 24 128814233 4 1 1
1 24 1979145 5 1 1
1 24 140196124 4 1 1
1 24 16803211 4 1 1
1 24 140196122 4 1 1
1 25 55274529 5 1 1
1 25 62950500 5 1 1
1 25 82910806 5 1 1
1 25 61163261 5 1 1
1 25 5566100 4 1 1
1 25 229292 5 1 1
1 25 29304330 4 1 1
1 25 83282160 5 1 1
1 25 116963904 5 1 1
1 25 113280678 5 1 1
1 26 123695950 4 1 1
1 26 20934210 4 1 1
1 26 72078682 5 1 1
1 26 126603021 4 1 1
1 26 102637907 5 1 1
1 27 15075758 5 1 1
1 27 14263444 4 1 1
1 27 77833050 4 1 1
1 28 21472798 5 1 1
1 28 37735113 5 1 1
1 28 6500897 5 1 1
1 28 21473256 4 1 1
1 30 27013003 5 1 1
1 30 60932554 5 1 1
1 30 62339231 4 1 1
1 30 60809290 4 1 1
1 30 914206 5 1 1
1 30 60938975 4 1 1
1 30 15037522 5 1 1
1 30 68058614 4 1 1
1 30 14586717 5 1 1
1 30 60932351 4 1 1
1 30 60932293 4 1 1
1 30 61532942 4 1 1
1 30 62305464 4 1 1
1 30 13136775 5 1 1
1 30 62302415 4 1 1
1 30 68846412 5 1 1
1 30 75869983 4 1 1
1 30 12868021 4 1 1
1 30 24724226 5 1 1
1 30 60932124 4 1 1
1 30 1080508 4 1 1
1 30 958575 4 1 1
1 30 1206589 5 1 1
1 30 1080552 4 1 1
1 30 60798346 5 1 1
1 30 60932455 4 1 1
1 30 75917487 4 1 1
1 30 2354899 4 1 1
1 30 61595410 4 1 1
1 30 2354718 5 1 1
1 30 14749628 5 1 1
1 30 65540797 5 1 1
1 30 24723615 5 1 1
1 30 1152383 4 1 1
1 30 62304645 5 1 1
1 30 15549251 4 1 1
1 30 68529756 5 1 1
1 30 24726144 5 1 1
1 31 65489792 4 1 1
1 31 7271050 4 1 1
1 31 19043064 5 1 1
1 31 14319811 5 1 1
1 32 96433492 5 1 1
1 33 21548641 4 1 1
1 33 63209820 5 1 1
1 33 71950549 4 1 1
1 33 21548616 5 1 1
1 34 43285179 5 1 1
1 34 67399095 4 1 1
1 38 26502002 4 1 1
1 38 72908774 4 1 1
1 39 37060079 4 1 1
1 39 36153528 5 1 1
1 40 60866776 4 1 1
1 40 59877549 5 1 1
1 42 13635215 5 1 1
1 43 31869690 4 1 1
1 43 993145 4 1 1
1 44 3170257 5 1 1
1 46 128674946 5 1 1
1 46 198533204 5 1 1
1 46 4734231 4 1 1
1 46 194277302 4 1 1
1 46 77231534 5 1 1
1 46 154037946 5 1 1
1 46 195793730 4 1 1
1 46 195632607 5 1 1
1 46 88924446 4 1 1
1 46 89021209 4 1 1
1 46 180419161 5 1 1
1 46 46814459 5 1 1
1 46 199532225 4 1 1
1 46 198222402 5 1 1
1 46 182434318 4 1 1
1 46 158965895 5 1 1
1 46 139751458 5 1 1
1 46 116830760 4 1 1
1 46 203560455 5 1 1
1 46 141459575 5 1 1
1 46 199348038 5 1 1
1 46 153295378 5 1 1
1 46 129823246 5 1 1
1 46 102255797 4 1 1
1 46 183348086 4 1 1
1 46 199547099 4 1 1
1 46 115745144 4 1 1
1 46 123492291 4 1 1
1 47 193095359 5 1 1
1 47 206835832 5 1 1
1 47 188326303 4 1 1
1 47 228772094 4 1 1
1 47 154645203 4 1 1
1 47 179990309 4 1 1
1 47 179703925 4 1 1
1 47 112100581 4 1 1
1 47 206213775 4 1 1
1 47 207515848 4 1 1
1 47 206209021 5 1 1
1 47 111526646 5 1 1
1 47 179763713 4 1 1
1 47 204066763 4 1 1
1 48 77404225 4 1 1
1 48 242962983 4 1 1
1 48 244453533 4 1 1
1 48 36880805 5 1 1
1 48 205542825 4 1 1
1 48 77403934 5 1 1
1 48 77417662 5 1 1
1 48 105081605 5 1 1
1 48 105081547 4 1 1
1 48 242980463 4 1 1
1 48 243056768 4 1 1
1 48 15939066 4 1 1
1 48 36151896 4 1 1
1 48 242985417 4 1 1
1 48 36196420 5 1 1
1 48 244453656 5 1 1
1 48 255930960 5 1 1
1 48 177103349 5 1 1
1 48 243056173 4 1 1
1 48 243143296 4 1 1
1 48 92573457 5 1 1
1 48 52580438 4 1 1
1 48 255897939 4 1 1
1 48 244387468 4 1 1
1 48 242963376 5 1 1
1 48 104732230 5 1 1
1 48 85688115 5 1 1
1 48 52580504 5 1 1
1 48 216749172 5 1 1
1 48 104732222 5 1 1
1 48 52577481 5 1 1
1 48 255078828 5 1 1
1 48 79384229 4 1 1
1 49 219858728 5 1 1
1 49 217132034 4 1 1
1 49 231632190 4 1 1
1 49 219312777 4 1 1
1 49 220242348 4 1 1
1 49 242246238 5 1 1
1 49 230078229 5 1 1
1 49 218227669 4 1 1
1 49 219208131 5 1 1
1 49 231632278 5 1 1
1 49 56999404 4 1 1
1 49 26639898 4 1 1
1 49 112937587 4 1 1
1 49 9384596 4 1 1
1 49 98308583 5 1 1
1 49 97855014 4 1 1
1 50 5192497 4 1 1
1 50 133395405 4 1 1
1 50 197370149 4 1 1
1 50 30713721 5 1 1
1 51 82854569 5 1 1
1 51 128609197 4 1 1
1 51 24867195 4 1 1
1 51 14958665 4 1 1
1 51 116802482 4 1 1
1 51 113128167 4 1 1
1 51 104629783 5 1 1
1 51 110213122 4 1 1
1 51 128964238 5 1 1
1 51 128102264 5 1 1
1 51 129253339 5 1 1
1 51 128102265 5 1 1
1 51 128242951 5 1 1
1 51 68873733 5 1 1
1 51 121617382 5 1 1
1 51 126218769 4 1 1
1 51 117166841 5 1 1
1 51 20897756 5 1 1
1 51 104605263 5 1 1
1 51 117633263 5 1 1
1 51 41279501 5 1 1
1 51 21503263 5 1 1
1 51 190409430 5 1 1
1 51 108761244 5 1 1
1 51 117621011 5 1 1
1 51 11105024 5 1 1
1 51 190409418 5 1 1
1 52 158163559 5 1 1
1 52 116401641 5 1 1
1 52 158229424 5 1 1
1 52 201135533 5 1 1
1 52 27736414 4 1 1
1 52 116401475 4 1 1
1 52 200546476 4 1 1
1 52 200445635 4 1 1
1 52 201835462 4 1 1
1 52 111407575 4 1 1
1 52 133261525 5 1 1
1 52 201991368 4 1 1
1 52 73878697 4 1 1
1 52 37084728 4 1 1
1 52 37084769 4 1 1
1 52 46259406 4 1 1
1 52 112179804 4 1 1
1 52 27736070 5 1 1
1 52 128809230 5 1 1
1 52 112179793 4 1 1
1 52 112929526 5 1 1
1 52 27735969 4 1 1
1 52 201875109 5 1 1
1 52 122672397 4 1 1
1 52 128639487 5 1 1
1 52 125985967 5 1 1
1 52 18551479 5 1 1
1 52 116199758 5 1 1
1 53 92716332 5 1 1
1 53 79414516 4 1 1
1 53 9058913 5 1 1
1 53 79760719 5 1 1
1 53 92405743 5 1 1
1 53 93741186 4 1 1
1 53 92836932 5 1 1
1 53 61107635 5 1 1
1 53 79968426 5 1 1
1 53 79968430 5 1 1
1 53 79760732 4 1 1
1 53 82807980 4 1 1
1 53 92125071 4 1 1
1 53 92773933 4 1 1
1 53 37429857 5 1 1
1 53 96432190 5 1 1
1 53 92887065 4 1 1
1 53 79525031 5 1 1
1 53 92884420 5 1 1
1 53 91628017 4 1 1
1 54 84817232 4 1 1
1 54 26963898 4 1 1
1 54 9769170 4 1 1
1 55 156811102 5 1 1
1 55 156841216 4 1 1
1 55 171172565 5 1 1
1 55 171172750 5 1 1
1 55 169558703 4 1 1
1 55 171172261 4 1 1
1 56 18576623 5 1 1
1 56 94667267 5 1 1
1 56 18367113 5 1 1
1 56 69588505 5 1 1
1 57 107996722 4 1 1
1 58 17613528 4 1 1
1 59 126513743 5 1 1
1 59 114102802 4 1 1
1 59 129451830 5 1 1
1 60 159236199 4 1 1
1 60 41264176 5 1 1
1 60 40770051 4 1 1
1 60 22718393 4 1 1
1 61 124759118 5 1 1
1 61 15333014 5 1 1
1 61 138722778 4 1 1
1 61 135808760 4 1 1
1 61 143151702 5 1 1
1 61 110088001 5 1 1
1 61 2444983 4 1 1
1 61 1827294 4 1 1
1 61 128934883 4 1 1
1 62 2016522 5 1 1
1 62 40939684 4 1 1
1 63 149277067 4 1 1
1 63 86779429 5 1 1
1 63 59889045 4 1 1
1 63 77031837 4 1 1
1 63 83205568 5 1 1
1 63 64238038 5 1 1
1 63 7859154 4 1 1
1 63 77761996 4 1 1
1 63 32987838 5 1 1
1 64 65502782 4 1 1
1 64 101388716 5 1 1
1 65 2399278 4 1 1
1 65 82281484 4 1 1
1 65 144800077 5 1 1
1 65 52017610 5 1 1
1 65 1966437 4 1 1
1 65 2570133 4 1 1
1 66 123911254 4 1 1
1 66 109826983 4 1 1
1 66 109407397 5 1 1
1 66 147855715 4 1 1
1 66 16036815 5 1 1
1 66 82227592 5 1 1
1 66 95838768 4 1 1
1 66 75843369 5 1 1
1 67 49253619 4 1 1
1 67 49253620 4 1 1
1 67 40970013 5 1 1
1 67 28762109 4 1 1
1 67 147615759 5 1 1
1 68 140456811 5 1 1
1 68 80157945 4 1 1
1 68 121575509 5 1 1
1 68 80921023 5 1 1
1 68 42946729 4 1 1
1 68 140503995 5 1 1
1 68 152512869 4 1 1
1 68 140456891 4 1 1
1 68 140503979 4 1 1
1 68 142102486 4 1 1
1 68 124485820 5 1 1
1 68 132549771 5 1 1
1 68 153452935 4 1 1
1 68 88150819 4 1 1
1 68 140451534 4 1 1
1 68 141803141 5 1 1
1 68 76958002 5 1 1
1 68 76935171 5 1 1
1 68 141803056 5 1 1
1 68 42946808 5 1 1
1 68 141909920 4 1 1
1 68 113874559 5 1 1
1 68 1428351 5 1 1
1 69 63558978 4 1 1
1 69 145504166 4 1 1
1 69 76569023 5 1 1
1 69 63540597 5 1 1
1 69 123790933 5 1 1
1 70 5637316 5 1 1
1 70 28765768 5 1 1
1 70 50107774 4 1 1
1 70 24814105 4 1 1
1 70 23227138 5 1 1
1 70 5683271 4 1 1
1 70 116515775 5 1 1
1 70 71739199 5 1 1
1 70 4942214 5 1 1
1 70 71774232 4 1 1
1 70 51294053 4 1 1
1 70 22640798 5 1 1
1 70 22333515 4 1 1
1 70 48717336 5 1 1
1 70 21041273 4 1 1
1 70 25759546 4 1 1
1 70 21719243 5 1 1
1 70 71843779 5 1 1
1 70 32774886 5 1 1
1 71 8105418 4 1 1
1 71 88901773 4 1 1
1 71 1276702 4 1 1
1 71 95232512 4 1 1
1 71 34728437 4 1 1
1 71 77733278 4 1 1
1 71 18905478 5 1 1
1 71 18363083 4 1 1
1 71 18905385 5 1 1
1 72 70028910 4 1 1
1 72 28791060 4 1 1
1 72 54211722 4 1 1
1 72 72894035 5 1 1
1 72 73354600 5 1 1
1 72 128292405 5 1 1
1 73 78221023 4 1 1
1 73 103334917 4 1 1
1 73 89657441 5 1 1
1 74 82671146 5 1 1
1 75 80632256 5 1 1
1 75 19107725 4 1 1
1 75 10258056 4 1 1
1 76 32028331 4 1 1
1 76 46221161 5 1 1
1 77 2367805 5 1 1
1 77 40669405 4 1 1
1 77 29273341 5 1 1
1 78 46515650 4 1 1
1 79 53544940 5 1 1
1 79 12777679 5 1 1
1 79 65935691 5 1 1
1 79 27430378 5 1 1
1 79 65943673 5 1 1
1 80 72595465 4 1 1
1 80 71094077 4 1 1
1 80 72599391 4 1 1
1 81 76113418 4 1 1
1 82 30522910 5 1 1
1 82 34720431 5 1 1
1 82 33963816 5 1 1
1 83 31041892 5 1 1
1 83 62386720 4 1 1
1 83 44335146 5 1 1
1 83 30880109 4 1 1
1 84 15589220 5 1 1
1 84 48786408 4 1 1
1 84 2722706 4 1 1
1 84 26132792 4 1 1
1 85 66249562 5 1 1
1 87 26467062 4 1 1
1 87 34588679 5 1 1
1 87 50439826 5 1 1
1 88 9204695 5 1 1
1 88 6526037 4 1 1
1 88 9204703 5 1 1
1 88 6526036 4 1 1
1 88 6526054 5 1 1
1 89 7509278 5 1 1
1 90 26974718 4 1 1
1 90 26974962 4 1 1
1 90 26974906 5 1 1
1 90 8393348 5 1 1
1 90 14682158 5 1 1
