0 0 133959378 5 0 10.9531
0 0 102804808 5 0 13.123
0 0 76628685 4 0 14.5
0 0 184343726 5 0 12.2314
0 0 129482002 4 0 14.7812
0 0 156085005 4 0 11.1875
0 0 133532281 5 0 14.5
0 0 129481847 5 0 18.793
0 0 124430581 5 0 13.3903
0 0 124502632 5 0 12.5252
0 0 128944565 5 0 14.5
0 0 133714469 4 0 14.5
0 1 248799483 4 0 11.4375
0 1 118855146 4 0 7.89316
0 1 124995916 5 0 18.8682
0 1 124995924 4 0 15.0545
0 1 241324344 5 0 19.5781
0 1 2758762 4 0 16.1875
0 1 243294597 4 0 15.8812
0 1 181754438 5 0 16.3521
0 1 138401903 5 0 14.5
0 1 143901286 4 0 13.3967
0 1 16342485 4 0 10.7673
0 1 242734526 4 0 16.0494
0 1 127371510 4 0 11.8125
0 1 138399652 5 0 13.3911
0 1 124995923 4 0 12.3492
0 1 188659285 5 0 15.1719
0 1 20491216 5 0 39.25
0 1 252364082 4 0 9.60233
0 1 179873262 4 0 12.91
0 1 20891363 4 0 15.3594
0 1 67303663 4 0 16.0492
0 1 89860345 5 0 14.5
0 1 121621447 5 0 8.93922
0 1 246658046 5 0 11.4538
0 1 20843776 5 0 10.8054
0 2 227350887 4 0 17.6406
0 2 171685270 5 0 39.4375
0 2 167007730 4 0 14.5
0 2 165792923 5 0 35.5444
0 2 227378793 4 0 67.6069
0 2 165792928 4 0 13.39
0 2 166229475 4 0 32.5302
0 2 124972053 4 0 10.8186
0 2 252405813 4 0 38.9375
0 2 243237743 5 0 15.375
0 2 64981313 4 0 12.91
0 2 54921465 4 0 32.3093
0 2 166229472 5 0 11.1703
0 2 100584606 5 0 20.375
0 2 238951162 5 0 13.3696
0 2 112376669 4 0 16.0243
0 3 161715058 5 0 16.375
0 3 8694480 4 0 14.5
0 3 51680358 5 0 10.9652
0 3 51680435 5 0 13.3336
0 3 25902136 4 0 16.3438
0 3 36792648 5 0 13.4683
0 3 99265513 4 0 18.2383
0 3 35759763 5 0 13.4121
0 3 99002115 4 0 14.3281
0 3 50196069 5 0 13.9375
0 3 85621330 5 0 10.2206
0 3 171394636 5 0 8.17
0 3 26375308 5 0 14.5
0 3 122786321 4 0 32.3021
0 4 105124295 5 0 14.5
0 4 167574004 4 0 9.01987
0 4 46555812 4 0 13.4203
0 4 73897038 5 0 9.14265
0 4 93884759 4 0 16.4697
0 4 103119210 5 0 13.3903
0 4 88418341 4 0 15.3944
0 4 69876066 5 0 13.39
0 4 88950523 5 0 13.5625
0 4 76952455 5 0 15.1451
0 4 114560913 4 0 22.4016
0 4 167585621 5 0 15.9068
0 4 166331251 5 0 22.0128
0 4 103815051 4 0 17.707
0 4 134054407 5 0 10.799
0 4 104993508 5 0 11.8979
0 4 114846373 4 0 10.875
0 4 148320130 4 0 11.6349
0 4 76910570 4 0 13.6953
0 4 90110666 4 0 13.2856
0 4 153955321 5 0 16.039
0 4 3081107 5 0 17.4219
0 4 73848844 5 0 19.7969
0 4 73891700 5 0 13.3886
0 4 148320132 5 0 13.3785
0 4 149154670 4 0 12.91
0 5 47770742 5 0 11.7578
0 5 48472677 5 0 15.0781
0 5 197979880 4 0 27.3915
0 5 153861024 4 0 16.0507
0 5 47770664 4 0 13.3917
0 5 60427454 4 0 14.6523
0 5 197539985 4 0 10.8056
0 5 153861032 4 0 14.8072
0 5 153861029 4 0 22.67
0 6 169686521 4 0 39.0366
0 6 177846389 4 0 17.8613
0 6 163870359 5 0 13.2026
0 6 161385787 5 0 16.086
0 6 167932457 4 0 14.5
0 6 161818094 4 0 16.0688
0 6 161897572 4 0 13.3328
0 6 176464085 5 0 16.0501
0 6 170169061 5 0 9.25091
0 6 177551848 5 0 21.7281
0 6 156784551 5 0 13.6035
0 6 161382528 5 0 16.05
0 6 138422963 4 0 20.8289
0 6 167932462 4 0 28.9289
0 6 177724783 5 0 16.9155
0 6 161897599 5 0 33.7581
0 6 157376017 5 0 9.68985
0 6 176277848 5 0 10.8125
0 6 135676313 5 0 13.7796
0 6 163864931 4 0 10.7899
0 6 77618595 4 0 17.5764
0 6 162262065 5 0 13.4766
0 6 176941842 5 0 19.3242
0 6 161382530 4 0 10.13
0 6 167932463 5 0 13.4054
0 6 161145600 5 0 18.5569
0 6 176941543 5 0 13.3901
0 6 173520364 4 0 19.071
0 6 161382533 5 0 12.7663
0 6 167958509 5 0 34.0695
0 6 163215166 4 0 11.7962
0 6 177358203 4 0 10.79
0 6 27149251 5 0 21.4375
0 6 162688601 4 0 16.0501
0 6 161382529 5 0 18.6143
0 6 140996711 5 0 14.5
0 6 163900032 5 0 21.5352
0 6 44920000 4 0 14.6639
0 6 161385788 5 0 15.2502
0 6 163853236 5 0 14.9801
0 6 161818099 5 0 10.7901
0 6 135676319 5 0 32.3
0 6 176941626 4 0 16.8931
0 6 162688516 5 0 14.5
0 6 133736664 4 0 14.9531
0 6 177793678 5 0 19.4364
0 6 138734267 5 0 21.0223
0 6 44920173 5 0 46.7736
0 6 161385789 5 0 16.0499
0 6 106072915 4 0 8.88868
0 6 168676380 5 0 20.9785
0 6 163864423 4 0 10.0743
0 6 163864775 4 0 12.91
0 7 151915240 5 0 13.625
0 7 12699316 4 0 19.6562
0 7 186134557 4 0 7.85779
0 7 11291115 4 0 35.4062
0 7 26913288 4 0 11.2137
0 7 11865196 4 0 16.2148
0 8 78196115 5 0 13.375
0 8 96044601 5 0 14.5
0 8 52244841 4 0 14.5
0 8 102369247 5 0 11.9714
0 8 102942154 5 0 16.0601
0 8 106182493 4 0 33.25
0 8 102724172 5 0 14.5
0 9 10759818 4 0 8.12544
0 9 160339208 4 0 21.5625
0 9 41208539 4 0 14.5
0 10 151576045 5 0 17.1875
0 10 100068552 4 0 18.8137
0 10 79420672 4 0 14.5
0 10 117476844 5 0 32.3071
0 10 97461948 5 0 14.5
0 10 62201688 4 0 12.1562
0 10 56980735 5 0 16.7063
0 10 100068760 5 0 16.0457
0 10 56980734 5 0 32.2937
0 10 48066176 5 0 43.0936
0 11 172816757 5 0 10.79
0 11 102331463 4 0 12.1599
0 11 31778922 4 0 14.5
0 11 164174522 4 0 16.3438
0 11 24629039 4 0 14.5
0 11 729154 4 0 14.8462
0 11 72195056 4 0 13.3438
0 11 51332781 4 0 17.9767
0 11 729153 4 0 33.0216
0 11 174104587 4 0 7.81502
0 11 172816756 5 0 32.3126
0 12 127001205 4 0 12.414
0 12 103450700 4 0 10.7755
0 12 98276256 5 0 17.7035
0 12 115039132 4 0 15.6651
0 12 103450612 5 0 14.9404
0 12 98339658 5 0 14.5
0 12 99731364 4 0 11.1473
0 12 127001213 5 0 15.5985
0 12 60761472 5 0 8.17
0 12 98367594 5 0 20.3549
0 12 115039089 5 0 13.39
0 12 103450624 4 0 10.8075
0 12 98370311 5 0 8.2473
0 12 98367941 4 0 10.7979
0 12 115039050 5 0 17.584
0 14 114769217 4 0 67.0854
0 14 66136501 5 0 14.5
0 14 24278229 4 0 22.1309
0 14 26405343 4 0 10.0054
0 14 114769212 5 0 53.2608
0 14 114769218 4 0 16.8947
0 14 3366570 4 0 32.2931
0 14 53365838 5 0 16.2567
0 14 36067196 5 0 11.625
0 14 115313267 5 0 16.04
0 14 92539703 4 0 14.5
0 14 7693310 5 0 10.7889
0 15 95748329 4 0 18.2123
0 15 68836928 4 0 15.1182
0 15 59146942 5 0 10.8438
0 15 77028234 4 0 35.6719
0 15 16925528 4 0 17.5938
0 15 66136911 5 0 17.9688
0 15 104570773 4 0 15.5
0 15 68836930 4 0 30.345
0 16 138651908 4 0 32.3135
0 16 152161241 5 0 17.5625
0 16 52628140 5 0 16.625
0 16 47274248 5 0 8.17
0 17 6211780 5 0 13.3086
0 17 92459008 4 0 32.6298
0 17 6050953 4 0 56.1576
0 17 6211780 4 0 11.7281
0 17 6050957 4 0 29.4516
0 17 51615928 5 0 14.5
0 17 6852203 4 0 11.7818
0 17 6050954 4 0 25.322
0 17 6852430 4 0 8.56825
0 18 65648559 5 0 13.3924
0 18 52517597 5 0 11.4375
0 18 80961450 5 0 14.5
0 18 53400805 5 0 30.2948
0 18 154293941 4 0 14.5
0 18 27941725 4 0 18.375
0 18 65648561 4 0 14.941
0 19 110994331 5 0 10.9563
0 19 102913016 5 0 16.05
0 19 102913015 5 0 32.3083
0 20 127737095 4 0 16.0781
0 20 57908159 4 0 13.4688
0 20 128301623 5 0 19.9202
0 20 126363590 5 0 19.9553
0 20 5223679 5 0 10.793
0 20 126040223 4 0 8.17
0 20 126363592 5 0 17.9495
0 20 127653055 5 0 16.0519
0 20 2710132 5 0 14.5
0 20 101711705 5 0 10.7671
0 20 2614105 5 0 14.5
0 20 128301541 4 0 23.1905
0 20 66752897 4 0 10.7614
0 21 106603896 4 0 16.035
0 21 106664314 4 0 14.4375
0 21 18250358 4 0 16.0391
0 21 18250362 5 0 32.3333
0 21 108113087 4 0 13.5
0 22 28883289 5 0 32.7344
0 22 30901079 5 0 27.2777
0 22 79256974 5 0 14.5
0 22 30901075 4 0 20.2691
0 22 100212573 5 0 14.9521
0 22 147716830 5 0 16.0591
0 22 13139627 5 0 17.5307
0 22 28924634 4 0 17.0781
0 22 86986083 4 0 32.625
0 22 13139717 5 0 11.7837
0 22 77253828 4 0 16.0254
0 22 49776055 5 0 9.80125
0 22 70098619 5 0 12.91
0 22 147716828 5 0 14.5
0 22 1035354 5 0 14.5
0 23 56463212 5 0 17.8458
0 23 45650512 4 0 8.79658
0 23 56463127 5 0 10.79
0 23 56463248 4 0 65.0536
0 23 31895664 5 0 11.1953
0 23 56462435 5 0 17.8647
0 23 55713509 5 0 17.5
0 23 31836254 5 0 18.9348
0 23 56463129 5 0 50.7131
0 23 45060115 4 0 34.8224
0 23 45060037 5 0 8.17
0 23 32429385 4 0 10.13
0 23 57430011 4 0 20.4062
0 23 56445306 5 0 24.706
0 23 56376513 4 0 9.63804
0 23 57099498 4 0 14.5
0 23 56463128 5 0 23.7
0 23 32298858 5 0 48.3523
0 23 55986255 5 0 13.39
0 23 79497122 5 0 14.5
0 23 56709689 4 0 9.09253
0 23 32298859 5 0 11.7442
0 24 95674852 4 0 14.5
0 24 91004495 5 0 11.7482
0 24 95674968 4 0 11.8758
0 24 84708739 4 0 14.3555
0 24 128850364 5 0 12.91
0 24 96836512 5 0 14.1971
0 24 99810468 5 0 17.0938
0 24 18230493 5 0 12.91
0 24 116101965 4 0 14.5
0 24 88216385 5 0 16.0498
0 24 76686634 5 0 13.5625
0 24 90371897 4 0 14.5
0 24 35947346 5 0 12.4375
0 24 21121957 5 0 12.625
0 24 38344519 5 0 16.7344
0 25 57557687 5 0 13.9688
0 25 62194102 5 0 11.0625
0 25 24435485 5 0 8.52537
0 25 12555576 4 0 10.8125
0 25 52055212 4 0 16.0344
0 25 45590194 4 0 13.4511
0 25 46226554 4 0 14.5
0 25 40236806 5 0 13.25
0 25 26689901 5 0 12.91
0 25 45590193 4 0 10.79
0 26 45184701 5 0 14.1353
0 26 31514580 5 0 14.8789
0 26 119850193 5 0 14.5
0 26 52236863 5 0 12.91
0 26 44668575 5 0 32.3004
0 26 129378059 5 0 14.0039
0 26 44668072 5 0 12.91
0 26 66795465 4 0 10.796
0 26 44668773 4 0 16.05
0 26 33614855 4 0 9.65869
0 27 10381539 4 0 19.0625
0 28 79632914 4 0 11.25
0 28 102431380 5 0 9.14397
0 28 1419495 5 0 14.5
0 28 17545726 4 0 17.0625
0 29 78024442 5 0 30.1875
0 29 95551606 5 0 13.1875
0 29 7433071 5 0 14.8125
0 29 20292695 4 0 10.7857
0 29 79026807 5 0 14.5
0 30 89279180 5 0 32.9019
0 30 90537993 5 0 12.5492
0 30 90538036 5 0 29.44
0 30 89009791 5 0 10.8943
0 30 64942684 4 0 16.25
0 30 101249782 4 0 13.9271
0 30 101226113 4 0 12.5898
0 30 89009607 4 0 17.058
0 30 91260988 5 0 10.79
0 30 103523679 5 0 19.0786
0 30 89009899 5 0 13.9118
0 30 89009894 5 0 13.4144
0 30 101249763 5 0 12.851
0 30 89009528 5 0 13.39
0 30 91261001 5 0 14.5
0 30 32978991 4 0 12.5167
0 30 101226167 4 0 14.0415
0 30 89009813 4 0 24.18
0 30 44934434 5 0 18.75
0 30 89009800 5 0 16.05
0 30 89272241 5 0 8.8598
0 30 91260979 5 0 16.452
0 30 90705900 5 0 17.791
0 30 101249305 4 0 39.626
0 30 91260985 4 0 17.7966
0 30 93834185 5 0 9.82995
0 30 91261045 5 0 10.7898
0 30 91261055 4 0 10.7899
0 30 90538104 5 0 32.2997
0 31 23530195 5 0 31.1675
0 31 59415392 5 0 10.8064
0 31 23530195 4 0 29.4389
0 31 23520361 5 0 14.5
0 32 48667221 4 0 20.1168
0 33 77493378 4 0 18.5399
0 33 4792684 4 0 10.8281
0 33 48955800 5 0 25.0733
0 33 77493385 5 0 17.1071
0 33 7296713 5 0 25.131
0 33 6485348 5 0 10.3385
0 33 48075148 5 0 28.5106
0 33 48482155 5 0 31.5824
0 33 48075149 5 0 10.13
0 33 77493386 5 0 43.61
0 33 77493380 4 0 13.39
0 34 33579237 4 0 12.91
0 34 47939563 5 0 14.625
0 35 21284831 5 0 13.7473
0 36 31099255 5 0 13.5938
0 36 47808423 5 0 14.8125
0 36 13350654 5 0 18.788
0 36 780912 4 0 13.3913
0 36 14756438 5 0 14.5
0 38 26795258 4 0 31.3148
0 38 48003514 5 0 11.9528
0 38 63081781 5 0 44.5767
0 38 47837000 4 0 15.965
0 38 26795257 4 0 13.7034
0 38 27380782 5 0 11.3428
0 38 51960817 5 0 13.3008
0 38 27356765 5 0 13.39
0 38 26748569 5 0 13.5745
0 38 26146407 4 0 38.199
0 38 25139158 4 0 8.17
0 38 75235659 4 0 10.8125
0 38 62790554 5 0 19.6211
0 38 40297904 5 0 9.39377
0 38 26795364 5 0 18.3659
0 38 48850235 5 0 14.5
0 38 47837084 4 0 32.3007
0 39 31525985 4 0 13.39
0 39 32850668 4 0 36.1377
0 39 29704449 4 0 17.5039
0 39 28723455 4 0 19.339
0 39 77883389 5 0 12.75
0 39 31525986 4 0 18.9831
0 39 68487432 5 0 16.0513
0 39 25984927 4 0 14.5
0 40 15558305 5 0 13.4013
0 41 16299809 4 0 11.6578
0 41 35104025 5 0 16.8009
0 41 4965131 5 0 13.375
0 41 35104027 5 0 14.5
0 42 35666257 4 0 13.4032
0 43 17124837 4 0 8.17
0 44 45679563 4 0 47.0018
0 44 43788422 4 0 13.39
0 44 44225935 5 0 10.79
0 44 43788512 4 0 54.5157
0 44 44225933 5 0 47.132
0 44 23863845 4 0 13.0938
0 44 44225939 4 0 13.39
0 44 43788768 5 0 13.5874
0 44 43788514 5 0 11.0088
0 44 43788504 5 0 16.7606
0 44 45679640 4 0 61.74
0 44 44225630 4 0 12.7574
0 44 45679555 4 0 13.39
0 44 45721567 4 0 14.5
0 44 44320926 5 0 16.8009
0 44 6836047 5 0 22.7588
0 44 43206453 5 0 11.6116
0 44 43206383 4 0 13.39
0 44 44225632 5 0 13.7126
0 44 45679638 4 0 16.2323
0 44 43788689 4 0 14.0429
0 44 43788692 5 0 10.79
0 44 45721797 5 0 10.4942
0 45 27566917 5 0 14.5
0 45 15381475 4 0 14.6875
0 46 148208598 4 0 13.7822
0 46 192601425 5 0 27.6777
0 46 202646019 4 0 10.7358
0 46 201780947 5 0 15.4074
0 46 154012670 4 0 21.8068
0 46 148208602 5 0 13.9251
0 46 148208395 4 0 12.0973
0 46 148208599 4 0 15.7663
0 46 172617401 5 0 17.875
0 46 9974219 4 0 13.782
0 46 25374376 5 0 12.1875
0 46 186461227 5 0 15.2269
0 46 184330755 5 0 11.2812
0 46 243529983 5 0 14.5
0 46 73814998 5 0 16.05
0 46 214088883 5 0 8.17
0 47 21359912 4 0 14.9195
0 47 255740790 4 0 8.60652
0 47 187429840 4 0 14.0312
0 47 115274827 5 0 17.9688
0 47 179862700 4 0 20.3653
0 47 140730500 5 0 16.0395
0 47 255671884 5 0 23.081
0 47 119619203 5 0 10.875
0 47 192415599 5 0 39.614
0 47 230851607 4 0 7.73771
0 47 192415598 5 0 13.39
0 47 137801816 4 0 14.5
0 47 192415600 5 0 19.8207
0 47 252905438 4 0 10.7891
0 47 137801947 4 0 10.13
0 48 198091763 5 0 14.2052
0 48 81329918 4 0 15.2162
0 48 58715350 5 0 14.3429
0 48 232969625 5 0 20.3754
0 48 124265239 4 0 19.125
0 48 205432249 5 0 11.1654
0 48 1073159 5 0 13.5938
0 48 57934343 5 0 12.148
0 48 124908562 4 0 15.5
0 48 101463434 5 0 17.7656
0 48 187911149 5 0 14.5
0 48 80917222 4 0 12.91
0 48 125090765 4 0 17.125
0 48 88986497 5 0 13.75
0 48 57820820 5 0 32.7967
0 48 57937405 4 0 12.91
0 48 30599534 5 0 18.0312
0 48 232596998 4 0 14.0156
0 48 81329926 5 0 18.5429
0 48 81329842 4 0 13.3944
0 48 232969683 5 0 13.3902
0 48 57937404 4 0 32.3051
0 48 235768114 5 0 15.9119
0 48 232602796 5 0 20.9053
0 48 232597085 5 0 13.3864
0 48 103807963 4 0 14.0156
0 48 123514905 5 0 16.0504
0 48 205433546 4 0 16.0533
0 48 13205015 5 0 16.6875
0 48 57937408 4 0 13.39
0 48 57935493 4 0 14.5
0 48 190070692 4 0 13.3929
0 49 442008 4 0 32.3059
0 49 206217723 5 0 19.0185
0 49 253939161 4 0 49.6145
0 49 206678475 5 0 14.5
0 49 254811111 4 0 14.5
0 49 77294326 4 0 16.0429
0 49 35679769 4 0 16.5938
0 49 218290288 5 0 14.5
0 49 253939159 4 0 14.7712
0 49 213744084 5 0 18.874
0 50 91819343 5 0 13.2009
0 50 89764600 4 0 10.9652
0 50 103156331 4 0 11.8447
0 50 140589728 5 0 15.8638
0 50 103156331 5 0 20.2808
0 50 128398169 5 0 14.3945
0 50 8869595 5 0 8.45341
0 50 204136106 4 0 15.0625
0 50 19578839 4 0 17.125
0 50 91380371 4 0 32.7966
0 50 91366712 4 0 14.4044
0 50 103156408 4 0 23.52
0 50 84628121 5 0 14.75
0 50 74714505 4 0 15.0569
0 50 205626143 4 0 20.125
0 50 185144233 5 0 14.5
0 50 103156342 4 0 15.0801
0 50 56662070 5 0 11.8125
0 50 71825760 5 0 15.5312
0 50 111642271 4 0 14.375
0 50 91366710 5 0 14.9616
0 50 185146788 5 0 12.91
0 50 91380455 4 0 15.0974
0 50 200786868 4 0 15.8281
0 50 8334073 5 0 10.7897
0 50 205797644 4 0 14.5
0 50 142566784 4 0 14.5
0 50 152770134 5 0 11.5157
0 50 15825462 4 0 10.7983
0 50 74714504 4 0 13.3806
0 51 32616661 5 0 17.6539
0 51 66464512 4 0 41.4324
0 51 21239924 5 0 30.9098
0 51 39868595 5 0 11.31
0 51 64626417 5 0 30.8735
0 51 7905251 5 0 10.79
0 51 29169778 4 0 16.0469
0 51 53152867 4 0 16.5384
0 51 29187555 5 0 35.0104
0 51 99167794 5 0 19.7771
0 51 78711531 4 0 11.1887
0 51 7905262 4 0 16.05
0 51 79258996 4 0 45.0508
0 51 66464163 4 0 20.7601
0 51 93669337 5 0 10.2642
0 51 41974714 4 0 11.1885
0 51 29154236 4 0 27.7441
0 51 19658824 5 0 37.6701
0 51 7905247 4 0 36.6875
0 51 32619450 4 0 13.3901
0 51 66464435 5 0 15.4493
0 51 32619452 5 0 17.6617
0 51 45499316 4 0 12.2812
0 51 66268273 4 0 9.52324
0 51 7142427 4 0 16.0502
0 51 79258995 4 0 41.2379
0 51 8512038 5 0 7.62731
0 51 7129170 4 0 16.0496
0 51 31920359 5 0 10.3115
0 51 78026837 4 0 17.1787
0 51 20623294 5 0 18.3145
0 51 22793374 4 0 13.5123
0 51 7487786 4 0 15.0605
0 51 42713948 4 0 16.0496
0 51 7142426 4 0 15.4846
0 51 32619449 4 0 14.5
0 51 19658821 4 0 10.7904
0 51 22793378 5 0 11.253
0 51 29176155 4 0 11.8176
0 51 22793379 5 0 16.05
0 52 205792657 4 0 32.3073
0 52 162266460 4 0 17.2251
0 52 78792952 5 0 39.2656
0 52 202681006 4 0 10.7807
0 52 197176716 5 0 19.1326
0 52 197176717 5 0 16.0549
0 52 189036535 5 0 12.8669
0 52 162453475 5 0 11.5093
0 52 129763493 4 0 16.8125
0 52 161262164 5 0 16.3833
0 52 200721597 5 0 12.4248
0 52 198343485 5 0 13.3842
0 52 173475997 4 0 20.9688
0 52 68360816 5 0 11.2308
0 52 164015111 4 0 18.1738
0 52 161670919 4 0 10.9604
0 52 162396595 5 0 8.17
0 52 79401119 4 0 12.6094
0 52 162265424 5 0 18.1909
0 53 80899263 5 0 9.33038
0 53 80879885 4 0 24.5068
0 53 89613493 4 0 27.4331
0 53 101346781 4 0 20.03
0 53 87921556 5 0 19.7812
0 53 81686855 5 0 14.5
0 53 80879886 5 0 13.39
0 53 158487720 4 0 7.70763
0 53 101346782 4 0 58.5541
0 53 81269748 4 0 8.09541
0 53 188393008 5 0 11.125
0 53 191404797 4 0 16.0574
0 53 81269905 4 0 8.24816
0 53 128661941 5 0 12.5205
0 54 51895076 5 0 19.1778
0 54 160610804 5 0 15.5085
0 54 183449879 5 0 23.0008
0 54 51895074 4 0 51.1493
0 54 7822592 4 0 13.6875
0 54 195714985 5 0 13.9519
0 54 195715105 5 0 32.3
0 54 21350327 4 0 16.1641
0 54 6229061 4 0 14.5
0 54 195731132 5 0 13.39
0 54 7803213 5 0 32.3087
0 54 33081865 5 0 15.7812
0 54 153596197 5 0 18.6719
0 54 195715106 4 0 20.1423
0 54 195721622 4 0 10.13
0 54 155715547 5 0 14.5
0 55 170984419 5 0 15.8556
0 55 102512916 4 0 16.222
0 55 19974703 4 0 19.4062
0 55 97631486 5 0 25.7631
0 55 170984417 5 0 11.5973
0 55 174149639 5 0 10.79
0 55 22969997 5 0 10.7905
0 55 95741334 5 0 10.7958
0 55 9752473 4 0 14.5
0 55 174149638 5 0 12.6366
0 55 112163305 4 0 11.2678
0 56 17429033 4 0 10.7966
0 56 115565164 4 0 11.3438
0 56 133089517 4 0 11.5
0 56 76197349 5 0 12.9188
0 56 103451064 4 0 13.9217
0 56 54385164 4 0 12.6406
0 56 102316247 5 0 10.7931
0 56 22433851 4 0 10.4613
0 56 17429106 5 0 17.3125
0 56 22434340 5 0 8.0076
0 56 22844651 4 0 16.05
0 56 168943789 5 0 13.3945
0 56 103451065 4 0 13.3948
0 56 22045548 5 0 11.0831
0 56 74640909 4 0 14.5
0 56 168944223 4 0 10.043
0 56 74640682 5 0 11.8948
0 56 22844648 5 0 10.79
0 56 115565222 5 0 10.787
0 56 51691221 5 0 13.3955
0 57 119888946 5 0 8.69893
0 58 78019856 5 0 18.6875
0 58 178651664 4 0 19.8281
0 58 176421796 4 0 17.0938
0 58 43746721 4 0 10.3427
0 58 42987725 4 0 8.02681
0 58 175763079 5 0 10.8017
0 58 101405177 5 0 10.8355
0 59 47957028 5 0 17.4322
0 59 42728321 5 0 15.2494
0 59 50844474 4 0 11.0469
0 59 51802807 4 0 14.5
0 59 42728392 5 0 20.8324
0 59 43977158 5 0 10.7887
0 59 47957037 5 0 11.1634
0 59 125451195 4 0 18.4375
0 59 47957130 4 0 32.3036
0 59 35414208 5 0 7.82491
0 60 172814405 5 0 32.2711
0 60 162739059 5 0 9.72649
0 60 62144348 4 0 10.79
0 60 146145187 4 0 10.1713
0 61 21685042 4 0 27.6583
0 61 92397469 5 0 42.4278
0 61 6056843 4 0 19.0094
0 61 26911575 4 0 14.7614
0 61 103725046 4 0 12.91
0 61 95180366 5 0 12.91
0 61 753568 5 0 13.4297
0 61 114039110 4 0 7.72845
0 61 92697249 4 0 8.17
0 61 1970676 4 0 10.7886
0 61 26911600 5 0 13.3871
0 61 2406098 5 0 14.5
0 62 110015984 4 0 8.1749
0 62 147736879 4 0 16.0263
0 62 10994614 4 0 10.7657
0 62 10994697 4 0 13.4618
0 62 10994619 5 0 13.39
0 62 110015977 5 0 15.5096
0 62 147927488 4 0 8.53622
0 63 46642206 4 0 16.0731
0 63 24352952 4 0 13.386
0 63 18815841 5 0 8.34991
0 63 46755940 4 0 10.8189
0 63 19002765 5 0 10.0866
0 63 18784224 5 0 14.5
0 63 18784310 4 0 18.7054
0 63 54498860 4 0 14.5
0 63 46755868 4 0 16.0553
0 64 82456318 4 0 13.5625
0 64 51624834 5 0 14.5
0 64 99184607 4 0 35.0312
0 64 45980426 4 0 13.2104
0 64 148354775 4 0 16.0631
0 64 128904151 4 0 8.17
0 65 50431001 5 0 32.3019
0 65 42246068 5 0 8.76789
0 65 18202935 5 0 17.1889
0 65 18202934 4 0 13.3321
0 65 18202940 4 0 10.7915
0 66 132103800 5 0 14.5
0 66 39847370 4 0 19.0213
0 66 55680024 4 0 15.625
0 66 39847374 4 0 14.4767
0 66 132275745 5 0 19.6875
0 66 39847371 4 0 13.9954
0 66 69070894 4 0 10.8147
0 67 34590175 4 0 14.5
0 67 2800878 5 0 8.20791
0 67 48096594 4 0 14.3398
0 67 12828684 4 0 16.0359
0 67 34971439 4 0 10.7909
0 67 13980139 4 0 16.0386
0 67 122190021 4 0 12.9876
0 67 12828683 4 0 13.3899
0 67 533833 5 0 14.5
0 67 6815410 5 0 10.7977
0 67 75439017 5 0 16.1875
0 68 111372267 4 0 14.5
0 68 127074210 4 0 16.0625
0 68 59426459 5 0 17.1875
0 69 110380581 4 0 14.5
0 69 79246188 4 0 16.0361
0 69 25216730 5 0 12.7859
0 69 3130822 5 0 12.1562
0 70 19511747 4 0 11.5215
0 70 53963307 5 0 18.5867
0 70 154912362 5 0 12.625
0 70 7226966 5 0 21.6069
0 70 17305198 4 0 14.0977
0 70 4792279 4 0 16.0986
0 70 15939240 5 0 8.17
0 70 93065496 4 0 20.4375
0 70 21500011 4 0 17.418
0 70 19503822 4 0 14.5
0 70 22289449 4 0 9.75227
0 70 92616843 4 0 19.125
0 71 52758040 4 0 27.0131
0 71 52625210 4 0 18.8434
0 71 107223403 4 0 32.2982
0 71 52625293 4 0 17.9173
0 71 129327553 5 0 18.5
0 71 52625294 4 0 16.0528
0 71 52758045 4 0 20.1247
0 71 107223407 5 0 16.05
0 72 76789942 5 0 13.75
0 72 29034070 5 0 8.35038
0 72 107843052 5 0 13.3913
0 72 116394755 5 0 21.1875
0 73 81578366 4 0 44.1875
0 73 68620400 4 0 19.4375
0 73 15178202 4 0 11.4375
0 73 24994317 5 0 16.0469
0 74 71045062 5 0 15.3321
0 74 75853053 4 0 12.91
0 75 68449209 4 0 8.12653
0 75 81215829 5 0 13.3761
0 75 61716778 4 0 14.5
0 75 71157883 5 0 13.6037
0 75 65269325 5 0 7.73283
0 75 20453705 5 0 14.5
0 76 93601859 4 0 18.2794
0 76 90063627 5 0 11.5153
0 76 91407962 5 0 19.2485
0 76 52310209 4 0 20.0949
0 76 90442578 5 0 18.1826
0 76 91453709 5 0 10.7899
0 76 93601756 5 0 18.5946
0 76 91454980 4 0 77.7619
0 76 101395827 5 0 11.4426
0 76 52310289 4 0 16.4077
0 76 90713504 5 0 33.9129
0 76 90596937 4 0 14.394
0 76 101133858 5 0 13.39
0 76 92144607 4 0 17.0014
0 76 92144513 5 0 36.5044
0 76 52310288 4 0 16.3628
0 76 90063625 4 0 15.2152
0 76 92133919 4 0 13.8029
0 76 91408038 4 0 10.79
0 76 101133855 5 0 15.7612
0 76 80734832 5 0 8.17
0 76 91323063 5 0 22.5156
0 76 93601767 5 0 21.2884
0 76 90442348 4 0 8.17
0 76 92144514 5 0 32.3
0 76 50339670 4 0 14.1564
0 76 92133928 4 0 19.9238
0 76 92146150 5 0 9.61711
0 76 93601503 5 0 28.9394
0 76 92144603 5 0 10.79
0 76 101110610 5 0 15.5615
0 76 91323064 4 0 23.0372
0 76 101405753 5 0 14.6331
0 76 92128772 5 0 13.39
0 76 92133923 5 0 11.31
0 76 90063636 4 0 16.435
0 76 90442151 5 0 14.0887
0 76 34653735 5 0 11.1683
0 76 92145142 5 0 16.05
0 76 52310206 5 0 11.31
0 76 93601742 4 0 8.17
0 76 101395984 5 0 7.94526
0 76 90818055 5 0 18.1936
0 76 52310293 5 0 10.79
0 76 90442148 4 0 29.44
0 76 61701561 5 0 13.375
0 76 101133774 5 0 11.0558
0 76 92144793 5 0 14.5
0 76 103353946 4 0 11.7878
0 77 68613820 5 0 12.1562
0 78 84151370 5 0 11.31
0 78 53112007 5 0 14.4831
0 78 95274377 4 0 23.0057
0 78 84923585 4 0 9.7739
0 78 83398021 5 0 7.81025
0 78 95274378 4 0 32.1
0 78 84923834 4 0 11.1655
0 78 95274378 5 0 12.91
0 78 84277267 5 0 8.09897
0 78 52452954 5 0 32.2875
0 79 38696964 4 0 13.7402
0 80 51061700 4 0 16.1279
0 80 45115178 4 0 21.2829
0 80 63158646 4 0 14.6221
0 80 45649919 5 0 10.7898
0 80 62972254 5 0 38.5118
0 80 44953645 5 0 12.3722
0 80 63158322 5 0 11.3949
0 80 51955466 4 0 16.7529
0 80 65203188 4 0 36.5469
0 80 63158976 5 0 8.17
0 80 63630580 4 0 15.6051
0 80 44953646 5 0 16.0501
0 80 62516505 5 0 13.6478
0 80 62966536 4 0 8.68542
0 80 45049972 4 0 37.0977
0 80 63649767 4 0 10.0703
0 80 65203189 4 0 33.3271
0 80 34663585 4 0 8.59629
0 80 62516504 5 0 10.79
0 80 62711656 5 0 8.66209
0 80 44894041 5 0 15.1084
0 80 46312743 4 0 17.7983
0 80 30640797 5 0 8.41577
0 81 54379012 5 0 15.0772
0 81 59024188 5 0 38.297
0 82 41028180 5 0 15.4663
0 82 52284398 4 0 11.31
0 82 43580251 5 0 32.3001
0 82 40176965 4 0 17.2793
0 82 42430681 4 0 12.0861
0 82 40884615 4 0 10.7899
0 82 40884622 5 0 16.742
0 82 40977251 4 0 10.13
0 82 12394191 5 0 9.24537
0 82 41468459 4 0 17.8564
0 82 52284312 5 0 16.1206
0 83 71271106 5 0 14.0209
0 83 71514375 5 0 10.0988
0 83 72079796 4 0 16.0496
0 83 70778297 4 0 13.3899
0 83 71546666 4 0 16.05
0 83 70725987 4 0 16.3367
0 83 71271200 4 0 29.8773
0 83 71271107 5 0 13.39
0 83 71271203 5 0 21.475
0 83 70725988 4 0 16.0499
0 84 52317877 4 0 16.7209
0 84 52609973 5 0 12.5469
0 84 52445842 4 0 13.643
0 84 42142822 4 0 11.7903
0 84 40660129 5 0 11.4906
0 84 56422953 5 0 47.3796
0 84 42151549 4 0 17.0063
0 84 29708910 5 0 19.1833
0 84 40889757 4 0 13.4991
0 84 40726699 5 0 10.7803
0 84 56422956 4 0 13.8128
0 84 56422949 4 0 15.32
0 84 52288669 4 0 8.17
0 84 52341648 5 0 16.0501
0 84 56422950 4 0 11.3788
0 84 52445505 4 0 16.9033
0 84 39988031 4 0 14.5
0 84 52341461 4 0 13.3213
0 84 29266856 4 0 9.89461
0 84 39905122 5 0 10.3478
0 84 40889672 4 0 16.0499
0 84 16365168 5 0 11.6406
0 84 10159359 4 0 16.9375
0 85 7094210 5 0 14.5
0 85 8225339 5 0 14.5
0 85 63709089 5 0 16.0245
0 86 38067182 4 0 11.3125
0 87 51382104 5 0 8.8712
0 87 39386310 4 0 7.73845
0 88 19347659 5 0 41.8563
0 88 19347666 4 0 19.2865
0 88 9196757 4 0 10.7871
0 90 35134948 5 0 17.3784
0 90 21354442 4 0 13.3902
0 90 20561950 5 0 19.2935
0 90 34954864 5 0 16.5396
0 90 33949068 5 0 8.49926
0 90 34610105 4 0 11.9355
0 90 34549259 4 0 15.403
0 90 21354623 5 0 19.967
0 90 34549261 5 0 16.0499
0 90 34961242 4 0 16.0499
0 90 33973542 5 0 16.0502
1 0 149548359 4 1 1
1 0 154325620 5 1 1
1 0 124425157 4 1 1
1 0 172924479 4 1 1
1 0 113281244 5 1 1
1 0 154325755 4 1 1
1 0 145739368 5 1 1
1 1 230781748 4 1 1
1 1 20848343 4 1 1
1 1 253167996 4 1 1
1 1 182536174 4 1 1
1 1 181754492 5 1 1
1 1 60125478 4 1 1
1 1 67303664 4 1 1
1 1 248799484 5 1 1
1 1 138399566 5 1 1
1 1 188659131 4 1 1
1 1 54309139 5 1 1
1 2 252405454 4 1 1
1 2 165788399 4 1 1
1 2 239964655 4 1 1
1 2 58324994 4 1 1
1 2 165792930 5 1 1
1 2 99865273 4 1 1
1 2 154943252 5 1 1
1 2 166486929 5 1 1
1 3 161714980 5 1 1
1 3 133422956 4 1 1
1 3 99744186 5 1 1
1 3 141608393 5 1 1
1 3 135665801 5 1 1
1 3 35759794 5 1 1
1 3 138769817 5 1 1
1 3 171459014 5 1 1
1 4 166869578 5 1 1
1 4 87922472 5 1 1
1 4 93884662 4 1 1
1 4 121841636 4 1 1
1 4 2701490 5 1 1
1 4 139761226 4 1 1
1 4 22189740 4 1 1
1 4 166331339 4 1 1
1 4 64015744 4 1 1
1 4 166734699 5 1 1
1 4 154128850 4 1 1
1 4 46555889 4 1 1
1 4 91821170 5 1 1
1 4 1112051 4 1 1
1 4 166339082 4 1 1
1 4 139761234 5 1 1
1 4 167585537 4 1 1
1 5 60423184 5 1 1
1 5 14945961 5 1 1
1 5 47770813 5 1 1
1 5 78207823 5 1 1
1 6 176941866 4 1 1
1 6 161385880 4 1 1
1 6 176941603 5 1 1
1 6 163864928 5 1 1
1 6 164297939 5 1 1
1 6 168647713 5 1 1
1 6 176277871 4 1 1
1 6 168647726 4 1 1
1 6 176291248 5 1 1
1 6 161385963 4 1 1
1 6 152645324 5 1 1
1 6 146301557 5 1 1
1 6 169419232 5 1 1
1 6 131619961 5 1 1
1 6 65495129 4 1 1
1 6 169875717 5 1 1
1 6 28408390 4 1 1
1 6 177551869 5 1 1
1 6 165174177 5 1 1
1 6 177551751 5 1 1
1 6 169875767 4 1 1
1 6 173521821 5 1 1
1 6 129391663 5 1 1
1 6 44920175 4 1 1
1 6 163622957 4 1 1
1 6 164001563 4 1 1
1 6 168614118 5 1 1
1 6 163899990 5 1 1
1 6 75802440 4 1 1
1 6 177627758 4 1 1
1 6 163068183 5 1 1
1 6 162807728 5 1 1
1 6 103281876 4 1 1
1 6 120762890 4 1 1
1 6 176946569 4 1 1
1 6 163870286 4 1 1
1 6 117374219 4 1 1
1 6 167949780 4 1 1
1 6 117373936 5 1 1
1 6 138602151 4 1 1
1 7 62237588 5 1 1
1 7 12699406 5 1 1
1 7 97372916 5 1 1
1 7 150652395 5 1 1
1 7 118619152 4 1 1
1 8 93884729 5 1 1
1 8 102369196 4 1 1
1 8 102942154 4 1 1
1 8 108029132 5 1 1
1 8 102942222 4 1 1
1 9 199687899 4 1 1
1 9 160339225 5 1 1
1 10 88238007 5 1 1
1 11 729429 4 1 1
1 11 30499536 5 1 1
1 11 729459 5 1 1
1 11 18768247 5 1 1
1 11 30499557 5 1 1
1 11 1390255 4 1 1
1 11 102331475 5 1 1
1 11 31697849 4 1 1
1 12 85626223 4 1 1
1 12 127001187 5 1 1
1 12 73498891 5 1 1
1 12 98370308 4 1 1
1 12 98339688 4 1 1
1 12 98445667 4 1 1
1 12 98276258 5 1 1
1 12 99189584 4 1 1
1 12 110908512 5 1 1
1 12 28786477 4 1 1
1 12 114735240 4 1 1
1 12 107744241 5 1 1
1 14 114769218 4 1 1
1 14 188648 4 1 1
1 14 118670492 4 1 1
1 14 3366565 4 1 1
1 14 16228379 4 1 1
1 14 32563815 4 1 1
1 14 53365846 4 1 1
1 15 58867164 4 1 1
1 15 115412380 4 1 1
1 15 115412280 5 1 1
1 15 16925726 5 1 1
1 15 115412457 4 1 1
1 15 88921570 5 1 1
1 15 141465838 5 1 1
1 15 76501693 5 1 1
1 15 37422739 5 1 1
1 16 28963475 5 1 1
1 16 135198478 5 1 1
1 16 33528995 4 1 1
1 16 47792678 4 1 1
1 16 80702015 5 1 1
1 17 61972736 4 1 1
1 17 6050971 4 1 1
1 17 6852167 5 1 1
1 17 6852181 4 1 1
1 17 5752206 5 1 1
1 17 78701432 5 1 1
1 17 6852181 5 1 1
1 17 63109125 4 1 1
1 17 5752290 5 1 1
1 18 59670403 5 1 1
1 18 116720806 5 1 1
1 18 21371724 4 1 1
1 19 102072247 4 1 1
1 20 127653066 5 1 1
1 20 128293463 4 1 1
1 20 5223747 5 1 1
1 20 128301599 4 1 1
1 20 101711760 5 1 1
1 20 5223632 4 1 1
1 20 126363489 5 1 1
1 20 126363513 5 1 1
1 20 126363420 4 1 1
1 20 126363533 5 1 1
1 20 141355754 4 1 1
1 20 79017337 5 1 1
1 20 128293438 4 1 1
1 20 128531293 5 1 1
1 20 66816121 5 1 1
1 21 18638190 5 1 1
1 21 119295001 5 1 1
1 21 18250342 4 1 1
1 21 95577539 4 1 1
1 22 79256966 5 1 1
1 22 107347978 5 1 1
1 22 103939197 4 1 1
1 22 77253819 4 1 1
1 22 30901000 4 1 1
1 22 99190842 5 1 1
1 23 57430164 4 1 1
1 23 55986258 4 1 1
1 23 45075136 5 1 1
1 23 56463249 5 1 1
1 23 55986254 4 1 1
1 23 56506781 4 1 1
1 23 45652312 5 1 1
1 23 56709709 5 1 1
1 24 82980734 5 1 1
1 24 37000780 5 1 1
1 25 12932228 5 1 1
1 25 40236756 5 1 1
1 25 1620334 4 1 1
1 25 46575979 4 1 1
1 26 44668574 4 1 1
1 27 42658731 5 1 1
1 28 100321833 5 1 1
1 28 87970280 5 1 1
1 28 103249080 5 1 1
1 28 101575952 5 1 1
1 28 1419573 5 1 1
1 29 6948434 5 1 1
1 29 75683544 5 1 1
1 29 97831006 4 1 1
1 29 77266219 5 1 1
1 29 97099426 5 1 1
1 30 103523676 4 1 1
1 30 90576475 5 1 1
1 30 89279404 4 1 1
1 30 89009818 5 1 1
1 30 89010052 5 1 1
1 30 89511596 5 1 1
1 30 103541201 5 1 1
1 30 64942684 4 1 1
1 30 89512086 4 1 1
1 30 32983199 4 1 1
1 31 39387286 4 1 1
1 31 23530064 4 1 1
1 31 23530198 5 1 1
1 33 7295878 5 1 1
1 35 21284819 4 1 1
1 35 26160953 4 1 1
1 36 31099125 4 1 1
1 36 13350741 4 1 1
1 36 780763 5 1 1
1 38 62973608 5 1 1
1 38 51541125 5 1 1
1 38 26795276 5 1 1
1 38 47840639 4 1 1
1 38 76333797 5 1 1
1 39 28109803 5 1 1
1 39 29016583 5 1 1
1 43 40446912 5 1 1
1 43 21613848 5 1 1
1 43 22723949 5 1 1
1 43 25391440 4 1 1
1 44 7382680 5 1 1
1 44 45721450 4 1 1
1 44 45759926 4 1 1
1 44 45679672 5 1 1
1 44 43788500 4 1 1
1 44 43788788 5 1 1
1 44 44319578 5 1 1
1 44 43206418 4 1 1
1 44 44320911 5 1 1
1 44 30458750 5 1 1
1 44 16319951 5 1 1
1 45 15963845 4 1 1
1 45 16695027 4 1 1
1 46 175304955 4 1 1
1 46 186461257 5 1 1
1 46 198955968 4 1 1
1 46 202645832 5 1 1
1 46 153995583 5 1 1
1 47 127200365 5 1 1
1 47 192415605 5 1 1
1 47 53341127 5 1 1
1 48 124908393 4 1 1
1 48 232307105 5 1 1
1 48 232571284 5 1 1
1 48 190070844 4 1 1
1 48 30599450 4 1 1
1 48 205432255 4 1 1
1 48 31473447 4 1 1
1 49 77294406 5 1 1
1 49 247419358 4 1 1
1 49 196366416 5 1 1
1 49 42168324 5 1 1
1 49 187555843 5 1 1
1 50 128746412 4 1 1
1 50 204136070 4 1 1
1 50 198837095 4 1 1
1 50 154445889 4 1 1
1 50 71790095 4 1 1
1 50 103156392 5 1 1
1 50 91380422 4 1 1
1 50 89767796 5 1 1
1 50 91819290 4 1 1
1 50 91365998 4 1 1
1 50 128377217 5 1 1
1 50 74714763 5 1 1
1 50 140588765 5 1 1
1 50 90100252 4 1 1
1 51 29154198 5 1 1
1 51 66464298 4 1 1
1 51 30118589 4 1 1
1 51 19602706 4 1 1
1 51 7502280 4 1 1
1 51 50644075 4 1 1
1 51 53547306 5 1 1
1 51 78711570 5 1 1
1 51 7142428 5 1 1
1 51 7905108 4 1 1
1 51 41974721 5 1 1
1 51 32619516 4 1 1
1 51 42713934 5 1 1
1 51 33474731 4 1 1
1 51 20569454 4 1 1
1 51 66464526 5 1 1
1 51 20545209 5 1 1
1 51 66464507 5 1 1
1 52 189036465 5 1 1
1 52 84661851 5 1 1
1 52 51278146 5 1 1
1 52 205793185 5 1 1
1 52 164455938 5 1 1
1 52 162266204 4 1 1
1 52 84001540 5 1 1
1 52 198340515 4 1 1
1 52 197176733 4 1 1
1 52 162689673 4 1 1
1 53 89061839 4 1 1
1 53 180251868 4 1 1
1 53 95345331 4 1 1
1 53 87921535 4 1 1
1 53 101341722 4 1 1
1 53 89613493 5 1 1
1 54 13923617 4 1 1
1 54 195715017 4 1 1
1 54 18646221 4 1 1
1 54 195731041 4 1 1
1 54 21963500 4 1 1
1 54 51864179 5 1 1
1 55 30165318 5 1 1
1 55 96339387 4 1 1
1 55 204027538 5 1 1
1 55 79270192 5 1 1
1 56 168944134 5 1 1
1 56 22927626 4 1 1
1 56 22045548 4 1 1
1 56 48319318 4 1 1
1 56 22045388 4 1 1
1 56 22045463 4 1 1
1 57 130924995 4 1 1
1 58 101363077 5 1 1
1 58 52332201 4 1 1
1 58 171056593 4 1 1
1 59 105793612 4 1 1
1 59 47957122 4 1 1
1 59 47957044 5 1 1
1 59 41565690 4 1 1
1 59 47957131 4 1 1
1 59 125307800 5 1 1
1 59 32749230 4 1 1
1 60 65032038 5 1 1
1 60 63483774 4 1 1
1 60 146145220 5 1 1
1 61 1970749 4 1 1
1 61 70840323 4 1 1
1 62 10994620 4 1 1
1 62 10994689 5 1 1
1 63 33553310 5 1 1
1 63 46683287 4 1 1
1 63 20024201 4 1 1
1 63 12201784 5 1 1
1 63 12201703 5 1 1
1 63 46722226 4 1 1
1 63 1549601 5 1 1
1 64 148354766 5 1 1
1 64 74105678 4 1 1
1 64 45980153 5 1 1
1 64 42571634 4 1 1
1 64 45980007 5 1 1
1 64 87042111 4 1 1
1 65 119072006 4 1 1
1 65 114984881 5 1 1
1 65 41313941 4 1 1
1 65 865612 4 1 1
1 65 50430933 5 1 1
1 65 865327 4 1 1
1 65 114984899 4 1 1
1 66 38018574 5 1 1
1 66 119584428 4 1 1
1 66 74263842 5 1 1
1 66 38018550 5 1 1
1 66 89424194 4 1 1
1 66 154089198 4 1 1
1 66 120354565 4 1 1
1 67 35740692 4 1 1
1 67 24537428 5 1 1
1 67 47338405 4 1 1
1 67 733673 5 1 1
1 67 49458887 4 1 1
1 68 127074201 5 1 1
1 68 110625438 5 1 1
1 68 28640589 5 1 1
1 68 93596922 4 1 1
1 69 146202498 5 1 1
1 69 25216893 4 1 1
1 70 3868553 4 1 1
1 70 10942588 4 1 1
1 70 92616994 5 1 1
1 70 19513507 4 1 1
1 70 1486431 4 1 1
1 70 7226906 5 1 1
1 70 23511923 5 1 1
1 70 10942606 5 1 1
1 71 20784986 4 1 1
1 71 53371892 4 1 1
1 71 129327534 5 1 1
1 71 120188087 5 1 1
1 71 107223494 4 1 1
1 72 42463823 4 1 1
1 72 57485721 4 1 1
1 72 60004619 5 1 1
1 72 47302889 4 1 1
1 72 42463615 4 1 1
1 73 68620316 4 1 1
1 73 13669406 4 1 1
1 74 61147078 4 1 1
1 74 37996899 5 1 1
1 75 5561761 4 1 1
1 75 12244326 4 1 1
1 75 4704614 5 1 1
1 75 68457354 5 1 1
1 76 90790948 5 1 1
1 76 34650300 4 1 1
1 76 93601593 4 1 1
1 76 101395988 4 1 1
1 76 91310626 4 1 1
1 76 40668579 5 1 1
1 76 101132673 5 1 1
1 76 89759870 4 1 1
1 76 90063728 5 1 1
1 76 91454983 4 1 1
1 76 92128726 4 1 1
1 76 101405225 4 1 1
1 76 93601745 5 1 1
1 76 90442153 5 1 1
1 76 91322989 5 1 1
1 76 93601851 4 1 1
1 76 93601584 4 1 1
1 76 93601730 5 1 1
1 76 92144816 4 1 1
1 76 39914353 4 1 1
1 76 90728966 5 1 1
1 76 90442349 5 1 1
1 77 26110493 5 1 1
1 77 88211416 5 1 1
1 77 23535936 4 1 1
1 77 68613654 4 1 1
1 77 32527545 5 1 1
1 77 32373175 4 1 1
1 78 84234707 5 1 1
1 78 95274380 5 1 1
1 78 84923694 5 1 1
1 78 95274726 4 1 1
1 78 52308074 5 1 1
1 80 63498389 5 1 1
1 80 45360183 5 1 1
1 80 61730840 4 1 1
1 80 65203022 5 1 1
1 80 63158606 4 1 1
1 80 45360155 5 1 1
1 80 63158587 5 1 1
1 80 46312669 5 1 1
1 80 63485924 4 1 1
1 80 44997139 5 1 1
1 80 63159065 5 1 1
1 80 63158999 4 1 1
1 80 63159063 5 1 1
1 80 63158960 5 1 1
1 80 75625248 4 1 1
1 80 63413760 4 1 1
1 80 46023187 4 1 1
1 80 44944805 4 1 1
1 80 51955461 5 1 1
1 81 54607059 4 1 1
1 83 70721977 5 1 1
1 83 70680975 4 1 1
1 83 71402192 5 1 1
1 83 59287139 4 1 1
1 83 70700260 5 1 1
1 84 18504683 4 1 1
1 84 39984600 5 1 1
1 84 11953557 4 1 1
1 84 52317887 4 1 1
1 84 11291701 5 1 1
1 84 40726765 5 1 1
1 85 8225274 5 1 1
1 87 38576865 4 1 1
1 88 7860667 4 1 1
1 88 9196621 4 1 1
1 88 7393006 4 1 1
1 90 21354433 4 1 1
1 90 34960864 4 1 1
1 90 34610089 4 1 1
1 90 20561892 5 1 1
1 90 34961242 5 1 1
1 90 34529168 4 1 1
1 90 34960959 4 1 1
1 90 21354546 4 1 1
1 91 43086037 4 1 1
