0 0 95655448 4 0 13.5019
0 0 57756349 4 0 13.3312
0 0 97208212 4 0 12.8859
0 0 104858373 4 0 10.1108
0 0 25530489 5 0 14.5
0 0 133774666 5 0 13.9833
0 0 253296224 4 0 19.7344
0 0 57904205 5 0 8.53244
0 0 57756117 4 0 50.6303
0 0 57444407 4 0 17.9753
0 0 57756119 5 0 13.39
0 0 57756118 5 0 28.8477
0 0 97211861 4 0 13.39
0 0 57756247 4 0 18.6003
0 0 96821386 5 0 8.17
0 0 97208219 5 0 13.9767
0 0 57756335 4 0 32.1434
0 0 97018203 5 0 11.8496
0 0 97012698 4 0 13.9076
0 0 57755794 4 0 14.5
0 0 96821387 4 0 42.2469
0 0 255191847 5 0 27.4855
0 0 97208216 5 0 71.1581
0 0 111540922 4 0 31.5359
0 0 255191846 4 0 14.4131
0 0 95755838 5 0 17.7202
0 0 57832577 4 0 12.5391
0 0 187436654 4 0 14.5
0 0 133774654 5 0 29.4976
0 0 96821017 5 0 15.7138
0 0 33530735 4 0 13.1875
0 0 57756121 5 0 21.2522
0 0 95655431 5 0 8.0931
0 0 105079950 5 0 9.48398
0 0 96821010 5 0 12.9698
0 0 119640753 5 0 14.1183
0 0 105623052 5 0 9.16782
0 0 78550419 4 0 10.4307
0 0 255191852 4 0 17.3452
0 0 57756246 4 0 13.6974
0 0 96821389 5 0 16.05
0 0 146977802 5 0 15.5
0 0 96821393 5 0 16.05
0 0 45420155 5 0 16.0425
0 0 57756040 4 0 14.4444
0 0 96821068 5 0 11.0908
0 0 255191844 4 0 17.9646
0 0 123152230 5 0 14.5
0 0 14274473 4 0 8.53459
0 0 57771683 5 0 12.2975
0 0 95755962 5 0 14.4922
0 0 97030246 5 0 34.647
0 0 96821015 4 0 14.3055
0 0 186046004 5 0 10.1944
0 0 72693392 5 0 10.7902
0 0 119640765 5 0 13.3817
0 0 84134442 5 0 16.0498
0 0 97211895 4 0 16.0498
0 1 141244830 4 0 11.1646
0 1 18978264 4 0 11.3074
0 1 230979895 5 0 13.2705
0 1 128744398 4 0 50.5838
0 1 219181611 4 0 16.042
0 1 55249345 5 0 14.2965
0 1 128744401 5 0 21.08
0 1 31015020 4 0 21.1691
0 1 83617462 5 0 16.5142
0 1 77362937 5 0 11.5938
0 1 146985020 4 0 13.3874
0 1 188827110 4 0 14.6875
0 1 140751857 5 0 14.5
0 1 104136578 4 0 9.67862
0 1 2918902 4 0 32.2887
0 1 147000144 4 0 13.3758
0 1 218958926 4 0 31.7242
0 1 20039414 5 0 13.5
0 1 128744397 4 0 16.0527
0 1 231643194 4 0 13.0469
0 1 215394373 4 0 14.5
0 1 127204037 5 0 13.3841
0 1 231071325 4 0 13.4026
0 2 109575304 4 0 13.1758
0 2 237871872 5 0 19.2431
0 2 74651848 4 0 10.7764
0 2 114783199 5 0 20.2031
0 2 166117107 5 0 9.44844
0 2 197665336 4 0 17.7385
0 2 197665310 5 0 20.6712
0 2 220326040 5 0 16.625
0 2 164115540 4 0 11.8135
0 2 197665306 4 0 16.1249
0 2 64071511 4 0 16.68
0 2 177768460 5 0 28.9005
0 2 154298524 5 0 17.125
0 2 197117854 5 0 14.8499
0 2 200818874 4 0 12.3333
0 2 197665335 4 0 13.8978
0 2 28596590 5 0 15.5267
0 2 197096268 5 0 16.3918
0 2 183605019 5 0 11.31
0 2 91400399 5 0 17.2969
0 2 196990495 5 0 11.7563
0 2 158644837 4 0 16.5156
0 2 196990575 4 0 10.79
0 2 62585284 5 0 14.5
0 2 74651898 5 0 12.655
0 2 164804703 5 0 16.0497
0 2 172611735 5 0 10.7086
0 2 255372274 5 0 20.4844
0 2 75917787 4 0 8.10416
0 2 146876712 4 0 9.40997
0 2 197665824 5 0 13.2647
0 2 196990496 5 0 13.39
0 2 153955902 5 0 13.3904
0 2 196990332 5 0 13.39
0 2 197096272 4 0 21.6674
0 3 46490516 5 0 14.5898
0 3 44764225 5 0 16.5117
0 3 173538068 5 0 12.9672
0 3 163382851 4 0 50.4381
0 3 190088223 5 0 16.0527
0 3 93607847 5 0 19.6195
0 3 93607849 4 0 12.7058
0 3 93607846 4 0 62.2594
0 3 163382846 4 0 14.6182
0 3 44547462 5 0 21.6535
0 3 93607848 4 0 22.3661
0 3 162209431 5 0 15.0786
0 3 161863229 5 0 13.3672
0 3 156980446 4 0 11.0371
0 3 162426676 5 0 44.6191
0 3 151196993 5 0 19.3957
0 3 161863236 4 0 12.1924
0 3 44097841 5 0 16.0497
0 3 103637038 5 0 16.207
0 3 103637036 4 0 10.13
0 3 163382401 5 0 9.2093
0 3 150523637 5 0 9.30054
0 3 25704813 5 0 20.7188
0 3 93607847 4 0 13.39
0 3 190314078 5 0 14.5
0 3 162774825 4 0 10.7901
0 3 96102934 5 0 8.21537
0 3 176235336 5 0 8.17
0 4 45127471 5 0 15.9492
0 4 54186125 5 0 12.5138
0 4 124572154 4 0 12.1832
0 4 131358325 4 0 13.0586
0 4 47071021 5 0 37.0438
0 4 31097614 4 0 20.7405
0 4 124579975 5 0 27.4946
0 4 124579994 4 0 12.6196
0 4 124567224 4 0 43.212
0 4 31097532 5 0 19.3454
0 4 124567105 5 0 14.7846
0 4 124496235 4 0 69.034
0 4 125374530 5 0 16.9836
0 4 32741055 4 0 7.73002
0 4 115452540 4 0 30.8818
0 4 45686097 4 0 12.2254
0 4 124496241 5 0 14.5
0 4 44857060 4 0 10.79
0 4 43808340 4 0 16.6663
0 4 127018797 5 0 38.4336
0 4 46532484 4 0 16.0052
0 4 124631969 4 0 9.64011
0 4 32746173 4 0 58.94
0 4 44839645 5 0 12.1545
0 4 127686142 5 0 16.3428
0 4 32746157 4 0 10.065
0 4 133903482 5 0 10.13
0 4 62566123 4 0 16.0321
0 4 183660758 4 0 15.2937
0 4 124011175 5 0 10.8849
0 4 32741637 5 0 8.11433
0 4 187918343 5 0 20.5707
0 4 20316276 5 0 20.0312
0 4 44836768 5 0 10.79
0 4 124567229 5 0 12.91
0 4 181316752 5 0 7.52927
0 4 44836490 5 0 32.3001
0 4 124497917 4 0 8.54392
0 4 32748630 4 0 8.71309
0 5 100780959 4 0 46.7766
0 5 117643387 5 0 14.5
0 5 12036527 5 0 8.08928
0 5 188398097 4 0 17.3242
0 5 107019 5 0 29.3354
0 5 49746513 5 0 16
0 5 165039619 5 0 10.7889
0 5 4041544 4 0 16.3672
0 5 93989057 4 0 10.0958
0 5 202549882 4 0 16.1593
0 5 162430160 5 0 16.05
0 5 3610664 4 0 16.0582
0 5 188328188 4 0 7.86898
0 5 257531 5 0 17.1914
0 5 672576 4 0 14.5
0 5 163289358 5 0 9.25814
0 5 107020 5 0 10.79
0 5 10994956 4 0 8.89674
0 5 10836 4 0 11.5037
0 5 117258851 5 0 7.87268
0 5 117258731 5 0 26.7848
0 5 14816976 5 0 11.0838
0 5 44133948 4 0 10.7896
0 5 46246441 4 0 8.46043
0 6 95387315 5 0 15.0039
0 6 37482998 4 0 8.17
0 6 95387329 4 0 32.1027
0 6 59227767 4 0 16.1562
0 6 97405316 4 0 14.5
0 6 52465286 5 0 12.007
0 7 76366326 4 0 12.1761
0 7 76366328 5 0 25.7791
0 7 158541193 5 0 16.9375
0 7 12503784 4 0 12.5
0 7 76366329 5 0 52.6176
0 7 155690237 4 0 10.79
0 7 76366333 5 0 16.111
0 7 76097185 5 0 15.6875
0 7 6674894 4 0 12.125
0 7 155690236 4 0 11.4329
0 7 99974662 4 0 12.0031
0 7 155690154 5 0 14.8408
0 7 57941479 5 0 9.56812
0 7 99974571 4 0 26.7872
0 7 76366350 4 0 10.13
0 7 135035982 4 0 8.25093
0 8 171982687 4 0 16.3438
0 8 54244852 5 0 16.0373
0 8 172223579 5 0 20.9213
0 8 119351118 5 0 46.0918
0 8 169528065 5 0 16.0807
0 8 30785141 4 0 12.1481
0 8 157526327 4 0 14.5
0 8 172845619 4 0 14.4994
0 8 32065086 5 0 15.7091
0 8 181597837 5 0 11.25
0 8 170288171 4 0 14.5
0 8 119351063 5 0 14.525
0 8 31332216 4 0 13.39
0 8 154552608 5 0 13.39
0 9 65193264 5 0 13.665
0 9 64460214 5 0 33.3697
0 9 149502298 5 0 34.5399
0 9 147140427 4 0 25.5684
0 9 77729758 5 0 19.8709
0 9 76665842 4 0 14.5566
0 9 69452784 4 0 14.5
0 9 149502206 4 0 13.39
0 9 148363256 4 0 8.42007
0 9 64460221 4 0 43.1108
0 9 80869974 5 0 32.3021
0 9 162092703 5 0 15.3125
0 9 148153064 4 0 15.7812
0 9 119899305 4 0 22.3281
0 9 76988012 4 0 10.7921
0 9 148500918 5 0 10.13
0 9 80869970 5 0 29.651
0 9 108302641 5 0 15.4531
0 9 8244705 5 0 13.3822
0 10 53504239 4 0 14.7465
0 10 44607662 5 0 11.3125
0 10 168896572 5 0 11.9826
0 11 155049795 4 0 14.5
0 11 112255142 4 0 16.6828
0 11 112255146 5 0 14.5
0 11 176140780 4 0 16.4375
0 12 112465966 5 0 9.19474
0 12 126464687 5 0 18.6875
0 12 12428287 5 0 14.5533
0 12 118979876 4 0 13.9688
0 12 129304581 5 0 11.2444
0 12 12667611 4 0 11.2584
0 12 46547122 4 0 14.5
0 13 82779567 5 0 12.91
0 13 179018789 4 0 12.0312
0 13 122079617 5 0 18.6543
0 13 73770482 4 0 14.5
0 14 168795519 4 0 14.5527
0 14 25773443 5 0 32.3105
0 15 84000299 4 0 11.5058
0 15 130939927 4 0 32.3001
0 15 84000159 4 0 33.4502
0 15 95943189 5 0 17.5338
0 15 5047589 4 0 14.8125
0 15 95943188 5 0 34.2267
0 15 140831522 4 0 19.75
0 15 148686620 5 0 32.3054
0 15 83999669 4 0 16.05
0 15 95942707 4 0 20.6797
0 15 130176872 5 0 34.3502
0 15 139980312 5 0 38.8204
0 15 84000512 5 0 12.2608
0 15 40849331 4 0 32.2938
0 15 140538793 5 0 18.0327
0 15 52187095 5 0 14.5
0 15 129440928 4 0 18.3619
0 15 140841619 5 0 10.8087
0 15 27917042 4 0 14.875
0 15 83999739 4 0 17.0787
0 15 96519161 4 0 14.1869
0 15 96518863 5 0 18.6047
0 15 12593432 5 0 8.00192
0 15 52059610 4 0 8.14195
0 15 142860612 5 0 12.5178
0 15 135900331 4 0 16.0625
0 15 125625870 4 0 17.3693
0 15 96518861 4 0 36.471
0 15 84000223 5 0 11.3567
0 15 141263996 5 0 30.8022
0 15 141586588 4 0 18.2861
0 15 81228529 5 0 7.79231
0 15 129440848 5 0 16.0498
0 15 96518961 5 0 16.05
0 15 96518955 4 0 10.79
0 15 140501968 4 0 15.9838
0 15 140538791 4 0 13.3901
0 15 64253540 4 0 15
0 15 131539364 4 0 10.7898
0 15 141263988 5 0 16.2383
0 15 96518960 5 0 14.5034
0 15 128184706 4 0 8.17
0 15 140533311 5 0 14.5
0 15 126512609 5 0 15.6875
0 15 3475810 4 0 14.25
0 15 145264667 4 0 13.376
0 15 140501969 4 0 10.7901
0 15 140841609 4 0 13.332
0 15 84000305 4 0 15.5839
0 15 95096050 4 0 8.60027
0 15 126136299 5 0 7.7925
0 15 28761628 5 0 35.5625
0 15 139980310 4 0 8.17
0 15 40030474 4 0 11.31
0 15 91336625 5 0 10.77
0 16 37025807 5 0 11.9117
0 16 58926770 4 0 8.71633
0 16 56154767 4 0 9.4613
0 16 87546334 5 0 16.2838
0 16 51104821 5 0 10.8955
0 16 99366731 4 0 14.5
0 16 55209504 5 0 16.7176
0 16 68902695 4 0 12.4005
0 16 68928432 4 0 15.564
0 16 68928391 5 0 14.5829
0 16 87546250 4 0 19.3306
0 16 55591289 5 0 9.21455
0 16 51674542 4 0 13.1922
0 16 51536863 4 0 13.4553
0 16 50761856 4 0 15.7491
0 16 50841725 4 0 13.8008
0 16 54793792 4 0 20.6416
0 16 68928389 5 0 16.0499
0 16 51674540 4 0 13.8421
0 16 42768446 5 0 13.6733
0 16 56343135 4 0 16.1017
0 16 56854130 5 0 13.3901
0 16 56854166 4 0 10.7901
0 16 51536785 4 0 16.0497
0 16 69471454 4 0 10.7898
0 16 37025808 4 0 15.3613
0 16 37241515 4 0 13.3643
0 16 55461285 4 0 17.2104
0 16 87546331 5 0 13.4
0 16 54939077 5 0 12.91
0 16 49697032 5 0 16.05
0 16 42768380 5 0 16.0501
0 16 134305475 4 0 10.5129
0 16 54104381 4 0 13.3901
0 17 148184700 4 0 13.0454
0 17 148175762 4 0 16.0148
0 17 148184316 4 0 62.8353
0 17 148184310 5 0 12.6939
0 17 148184397 4 0 38.3152
0 17 41193394 4 0 15.2812
0 17 148184316 5 0 18.4124
0 17 1615925 5 0 8.46929
0 17 148175936 5 0 17.7836
0 17 148175763 5 0 13.39
0 18 105737546 5 0 13.4052
0 18 2580187 4 0 10.266
0 18 105831261 4 0 8.32224
0 18 2597715 5 0 8.04966
0 19 107275995 5 0 16.0607
0 19 30286747 5 0 14.0526
0 19 107275996 5 0 11.5331
0 19 111526559 5 0 28.9135
0 20 94774176 5 0 10.7678
0 20 54273500 4 0 13.4375
0 20 8236424 5 0 17.6365
0 20 8236429 4 0 52.3501
0 20 8236428 4 0 17.4194
0 20 83371193 4 0 33.9922
0 20 94774177 5 0 28.5114
0 20 97494783 4 0 13.3901
0 20 8236366 4 0 16.1885
0 20 21739846 5 0 11.6816
0 20 83825351 4 0 14.5
0 20 48362195 4 0 16.0285
0 21 56749179 5 0 46.3999
0 21 9082350 4 0 14.5
0 21 55927742 5 0 34.2106
0 21 55881371 5 0 17.4331
0 21 55927761 5 0 36
0 21 3837938 5 0 13.5625
0 21 55968191 4 0 16.2932
0 21 112711220 5 0 15.4688
0 21 80924912 4 0 13.3861
0 21 57234904 5 0 16.05
0 21 56410253 5 0 19.6733
0 21 131279425 4 0 13.75
0 21 122321000 5 0 14.5
0 21 55869772 4 0 11.7633
0 21 56749157 4 0 13.7183
0 21 73761328 5 0 10.7834
0 21 26295245 5 0 14.5
0 21 59009990 4 0 11.1529
0 21 126495071 4 0 16.5625
0 21 69069792 4 0 21.4688
0 21 55927744 5 0 10.79
0 22 50591802 4 0 16.5342
0 22 51765129 4 0 8.1567
0 22 57686694 4 0 32.3091
0 22 70456438 4 0 16.4375
0 22 152436516 5 0 32.4062
0 22 31762100 4 0 13.0864
0 22 26437422 5 0 12.75
0 22 74937876 5 0 16.0766
0 22 31762100 5 0 27.7127
0 22 61787291 4 0 14.5
0 22 27726455 5 0 23.3125
0 22 19452953 4 0 12.0419
0 22 36979084 4 0 32.3009
0 22 143817493 4 0 37.9375
0 23 42091587 5 0 14.5
0 23 52438160 5 0 11.1426
0 23 52457743 5 0 12.3827
0 23 41298645 5 0 17.54
0 23 43825499 4 0 12.7128
0 23 51851547 4 0 12.6733
0 23 52440631 4 0 15.4805
0 23 108522153 4 0 17.1417
0 23 52404115 5 0 14.5
0 23 40701074 5 0 10.7898
0 23 42614154 4 0 9.39919
0 23 31624918 5 0 13.3891
0 23 108522150 4 0 16.4419
0 23 93702148 5 0 13.3904
0 23 79318380 5 0 17.6913
0 23 52398877 4 0 13.3901
0 23 52438111 5 0 18.3453
0 23 92251033 5 0 15.6708
0 23 52438161 5 0 13.4791
0 23 40712511 4 0 14.5
0 23 43836882 5 0 10.79
0 23 43485491 5 0 14.5
0 23 49796685 4 0 17.0025
0 23 52438109 5 0 11.7605
0 23 57359042 5 0 13.3871
0 23 84855218 5 0 19.6875
0 24 145109278 4 0 15.757
0 24 3672617 5 0 67.545
0 24 3828213 5 0 10.7166
0 24 111884269 5 0 16.0449
0 24 96549435 5 0 18.3125
0 24 39641194 5 0 7.64777
0 24 145042723 4 0 18.672
0 24 3672707 4 0 32.3154
0 24 74851806 5 0 16.1101
0 24 3672616 5 0 18.2837
0 24 145042713 5 0 10.7784
0 24 85464678 5 0 16.125
0 24 68508976 5 0 12.0272
0 25 13108216 5 0 48.033
0 25 13095270 4 0 22.0819
0 25 13434863 4 0 18.9785
0 25 30797821 5 0 16.0683
0 25 76196458 5 0 27.4389
0 25 51762026 4 0 14
0 25 1275110 4 0 9.68355
0 25 20296773 4 0 18.5385
0 25 61259450 4 0 23.125
0 25 13434868 4 0 10.79
0 25 13095271 4 0 10.79
0 26 66311797 5 0 33.8492
0 26 50365309 5 0 10.2439
0 26 15372665 5 0 10.13
0 26 56250878 4 0 16
0 26 90011113 4 0 13.4375
0 26 59244404 5 0 10.5245
0 26 66311796 5 0 27.8911
0 26 59252465 4 0 14.5
0 26 66311616 4 0 13.39
0 26 41747796 5 0 12.91
0 26 55719380 4 0 13.4197
0 27 41382640 5 0 15.9473
0 27 39629055 5 0 14.5
0 27 51658797 4 0 13.125
0 27 6811704 5 0 10.7601
0 28 9921000 4 0 10.79
0 28 103846413 5 0 48.7365
0 28 9920988 5 0 29.8744
0 28 68600652 4 0 17.875
0 28 9920999 4 0 16.7348
0 28 9921003 5 0 52.6597
0 28 24022497 4 0 14.5776
0 28 10635132 5 0 18.8384
0 28 103846468 5 0 16.2378
0 28 103846116 5 0 12.3032
0 28 68467914 4 0 7.6491
0 28 9223750 4 0 18.8799
0 28 79692980 5 0 57.59
0 28 103861108 4 0 14.6133
0 28 68162098 5 0 10.7965
0 28 10671255 5 0 13.4366
0 28 79692976 4 0 18.6196
0 28 92547291 5 0 38.0156
0 28 94017596 5 0 32.3054
0 28 10647234 4 0 10.79
0 28 86792997 5 0 15.5098
0 28 78877248 5 0 16.4531
0 28 24022498 4 0 18.134
0 28 9223748 5 0 13.39
0 28 9921922 4 0 15.6529
0 28 9921001 4 0 26.8785
0 28 100704704 5 0 19.3215
0 28 10647235 4 0 13.39
0 28 9920588 4 0 10.732
0 28 9223744 4 0 32.3
0 28 103846540 4 0 10.79
0 28 9213365 5 0 13.39
0 29 28272171 4 0 10.8018
0 30 86505405 5 0 14.5
0 30 85854673 5 0 13.3944
0 31 75263284 4 0 9.37948
0 31 9587729 5 0 11.6838
0 31 59704937 4 0 12.91
0 32 25480141 4 0 14.5312
0 32 66422190 5 0 20.5
0 32 23997036 4 0 13.3947
0 32 25495359 4 0 11.9531
0 32 25869347 4 0 17.5625
0 32 79916439 5 0 14.5
0 33 18254764 4 0 19.1562
0 34 17873766 4 0 27.1602
0 34 20316224 5 0 10.8926
0 34 24127679 4 0 8.66173
0 34 16993936 5 0 12.3288
0 34 14845220 4 0 14.8716
0 34 16993929 4 0 28.0516
0 34 17804763 5 0 17.4675
0 34 62780536 4 0 18.63
0 34 62917461 4 0 7.85101
0 34 59629912 4 0 25.2901
0 34 24129708 5 0 21.2478
0 34 58061784 4 0 13.0998
0 34 19991570 4 0 10.7899
0 34 18534689 5 0 10.7899
0 34 18582620 5 0 19.6189
0 34 58045680 4 0 14.5
0 34 17802732 5 0 38.0121
0 34 61984682 4 0 33.741
0 34 18534687 5 0 23.019
0 34 19855827 5 0 16.0499
0 34 58061861 5 0 16.0499
0 34 63062886 5 0 8.5803
0 34 16993935 5 0 21.58
0 34 58211064 5 0 12.0181
0 34 17802731 5 0 16.0501
0 34 58326888 4 0 15.3315
0 34 61984673 4 0 32.3002
0 34 19168786 5 0 11.9331
0 34 56926373 5 0 21.3164
0 34 17862993 4 0 13.6177
0 34 16849519 5 0 7.87819
0 34 56926312 4 0 14.5
0 34 17862992 4 0 14.0299
0 34 20313377 4 0 7.85164
0 34 17126635 4 0 12.4099
0 34 61094645 5 0 18.2267
0 34 62090524 5 0 14.3017
0 34 61095464 5 0 14.5
0 34 45858069 4 0 9.64252
0 34 58133928 4 0 16.9902
0 34 57707570 4 0 13.8047
0 34 19809835 5 0 16.05
0 34 59629906 4 0 12.2046
0 34 19829553 4 0 12.91
0 34 19829601 4 0 11.3395
0 34 17769225 4 0 13.39
0 34 56927802 4 0 12.91
0 34 18581690 5 0 17.0036
0 34 17769194 4 0 32.3
0 34 18800861 5 0 10.9558
0 34 18582666 4 0 14.5
0 34 20135586 5 0 10.7899
0 36 26205871 5 0 11.8781
0 36 26364112 4 0 34.3328
0 36 40554585 5 0 17.8184
0 36 21246340 4 0 21.0264
0 36 15062566 5 0 46.8018
0 36 16433269 4 0 15.5985
0 36 26588658 5 0 16.9716
0 36 26561159 5 0 33.4154
0 36 21284153 4 0 17.4688
0 36 26364261 5 0 15.0541
0 36 26364251 4 0 10.7918
0 36 20484886 5 0 10.7901
0 36 41325359 4 0 13.4761
0 36 26364111 4 0 16.05
0 36 24790809 4 0 13.8345
0 36 35981141 4 0 35.2656
0 36 29907035 5 0 13.1272
0 36 21284164 4 0 11.4553
0 36 28377637 5 0 13.2559
0 36 26364254 5 0 16.05
0 36 26364104 4 0 12.1451
0 36 31938195 4 0 17.7734
0 36 14246844 4 0 11.6146
0 36 7657789 5 0 28.3453
0 36 30639443 5 0 17.4384
0 36 29185381 4 0 17.5881
0 36 47713014 5 0 14.8125
0 36 30639441 4 0 10.7901
0 36 16433276 4 0 13.1353
0 36 25395940 4 0 16.4385
0 36 52057911 4 0 10.7899
0 36 31246883 5 0 13.5786
0 36 7657775 4 0 16.05
0 36 16433278 4 0 16.05
0 36 26588659 5 0 17.3038
0 36 14246951 4 0 24.18
0 36 29907114 4 0 32.3
0 36 26364113 4 0 32.1932
0 36 16433121 4 0 13.4956
0 36 29907165 4 0 20.2342
0 36 26588660 5 0 11.697
0 36 7657778 5 0 13.9721
0 36 26205248 5 0 15.062
0 36 21283631 4 0 9.42692
0 36 26364181 4 0 17.0534
0 36 14246950 4 0 18.5442
0 36 14267386 5 0 9.05676
0 36 29900940 4 0 14.5
0 36 31830223 4 0 9.8791
0 36 28377866 4 0 16.686
0 36 52528874 4 0 9.72918
0 36 26561156 4 0 11.4891
0 36 20639104 4 0 10.7901
0 36 7657718 4 0 12.91
0 36 26085756 5 0 10.13
0 36 17129292 4 0 13.0557
0 36 26158031 5 0 8.3849
0 36 26588667 4 0 32.3
0 36 47587581 5 0 13.4018
0 37 25806163 4 0 10.13
0 37 25804472 5 0 21.8213
0 37 25804529 4 0 24.641
0 37 25806174 5 0 38.5477
0 37 25806183 4 0 26.5945
0 37 25804475 5 0 16.3196
0 37 25806267 4 0 28.3773
0 37 25804472 4 0 19.7602
0 37 25806275 4 0 37.1823
0 38 47592154 5 0 7.8984
0 38 51167943 5 0 10.6446
0 38 18882964 4 0 16.0481
0 38 65870156 5 0 45.5772
0 38 33619384 4 0 14.6735
0 38 17713650 4 0 11.1896
0 38 66678622 4 0 8.99265
0 38 53292930 5 0 14.5
0 39 26229661 5 0 17.1875
0 39 71318736 5 0 17.7317
0 40 17729552 5 0 15.3438
0 42 51315483 4 0 8.35292
0 43 26357886 5 0 13.3861
0 43 27043224 4 0 9.3014
0 44 32288245 5 0 8.17
0 44 34087986 5 0 14.5087
0 44 33035343 4 0 32.3006
0 44 49492671 5 0 13.5362
0 44 28205135 5 0 14.5
0 44 49448432 5 0 23.459
0 45 23028165 4 0 27.9988
0 45 26185710 5 0 16.0497
0 45 11412867 4 0 13.3125
0 45 50778813 5 0 10.8014
0 45 40123899 5 0 10.9242
0 45 40123796 5 0 16.0446
0 46 80061145 5 0 61.01
0 46 79915813 4 0 12.9047
0 46 92295616 5 0 10.79
0 46 92295604 5 0 14.5776
0 46 92295611 5 0 17.8458
0 46 92295615 5 0 13.39
0 46 250373973 4 0 12.1562
0 46 52993413 5 0 12.4467
0 46 96796333 4 0 17.853
0 46 20200390 4 0 15.75
0 46 92295614 5 0 13.1038
0 46 209056851 5 0 11.0625
0 46 80061334 5 0 10.0175
0 46 92295603 5 0 13.39
0 46 22749624 4 0 17.5625
0 46 92295517 4 0 11.4338
0 46 250020821 4 0 21.4062
0 46 79915844 4 0 12.5254
0 46 80065480 4 0 18.724
0 46 148992744 5 0 16.625
0 46 173730136 4 0 19.75
0 46 230859041 5 0 20.4844
0 46 92809013 4 0 11.6803
0 46 18154327 5 0 18.0152
0 46 250374336 5 0 14.5
0 46 248701064 5 0 17.7188
0 46 80061148 4 0 17.6457
0 46 239155204 5 0 8.03292
0 46 79329218 5 0 13.389
0 46 20340215 5 0 16.0625
0 46 80061154 5 0 10.79
0 47 14459316 4 0 15.8203
0 47 59403395 5 0 11.3869
0 47 59403390 5 0 11.383
0 47 134921847 4 0 9.27479
0 47 59403566 5 0 14.6535
0 47 222050142 4 0 13.3438
0 47 234260418 4 0 14.1262
0 47 174320588 5 0 20.1565
0 47 59403569 5 0 25.29
0 47 101744155 4 0 14.5
0 47 133861595 5 0 14.5
0 47 236116286 5 0 16.5625
0 47 144565187 5 0 8.75657
0 47 59403567 5 0 10.8811
0 47 59403393 5 0 12.8448
0 47 135410177 4 0 16.5231
0 47 6231905 5 0 13.3885
0 47 234260417 4 0 10.79
0 47 139456434 5 0 7.95397
0 47 201233691 4 0 13.6911
0 47 234260213 4 0 14.456
0 47 88544656 5 0 16.0262
0 47 186199241 5 0 11.1446
0 47 82452071 5 0 13.6875
0 47 2481241 4 0 14.5
0 47 174340915 5 0 19.2265
0 47 34508194 4 0 13.407
0 47 49375243 4 0 16.5625
0 47 234260216 5 0 13.39
0 47 186175531 5 0 14.125
0 47 242613108 4 0 12.91
0 47 16360703 5 0 16.75
0 47 15807111 5 0 10.8009
0 48 56459684 5 0 55.8864
0 48 129019986 4 0 7.71759
0 48 142670637 4 0 46.1004
0 48 110454803 5 0 11.3721
0 48 130513545 4 0 32.3204
0 48 152868505 5 0 24.0399
0 48 143108258 5 0 11.0358
0 48 142670641 5 0 30.5124
0 48 152868650 4 0 17.2514
0 48 162005159 5 0 17.6094
0 48 130513546 5 0 14.3487
0 48 60874524 5 0 16.0724
0 48 34392695 5 0 12.91
0 48 121659355 4 0 12.91
0 48 143213015 5 0 14.5
0 48 98183065 4 0 33.2344
0 48 109729226 4 0 10.7901
0 48 142559225 5 0 16.0866
0 48 129045030 4 0 9.92362
0 48 94545837 5 0 17.9161
0 48 25279418 4 0 13.3916
0 48 129019972 4 0 14.5
0 48 142670640 5 0 36.101
0 48 142670640 4 0 13.39
0 48 142670644 5 0 13.3986
0 48 56459689 4 0 10.79
0 48 66065741 5 0 17.3125
0 48 73793508 5 0 18.96
0 48 152868651 4 0 24.4085
0 48 152409076 5 0 11.8589
0 48 167415736 5 0 26.9774
0 48 154514553 5 0 15.7766
0 48 152868586 4 0 7.51112
0 48 142670639 4 0 14.0492
0 48 152868591 5 0 14.6508
0 48 115727181 5 0 32.3003
0 48 142670638 4 0 12.91
0 48 253927825 4 0 10.6892
0 48 44997836 4 0 10.7828
0 48 152868569 4 0 16.05
0 48 123100075 5 0 10.1204
0 48 110480593 4 0 16.05
0 48 142559224 5 0 10.8208
0 48 152878046 5 0 14.5
0 49 163780635 5 0 21.1562
0 49 146471545 4 0 21.9727
0 49 252678886 5 0 7.89665
0 49 146471544 4 0 27.89
0 49 148084527 4 0 30.5622
0 49 42098690 4 0 10.79
0 49 148278659 5 0 22.75
0 49 146470023 5 0 9.04158
0 49 140010119 4 0 10.805
0 49 62021047 4 0 10.7644
0 49 140010120 5 0 20.07
0 49 128653869 4 0 11.3494
0 49 146480597 5 0 10.13
0 49 255073222 4 0 18.6651
0 49 73311960 4 0 15.375
0 49 155401132 5 0 12.3787
0 49 28979390 4 0 14.5
0 49 6154247 4 0 10.7828
0 49 3182741 5 0 11.4295
0 49 4435627 4 0 7.81118
0 49 4763323 4 0 19.3906
0 49 18971841 4 0 12.6816
0 49 253446647 4 0 8.78376
0 49 205651727 5 0 49.211
0 49 152897676 5 0 13.75
0 50 26432918 4 0 13.6357
0 50 99813340 4 0 16.048
0 50 35408636 4 0 11.625
0 50 35255390 5 0 35.6914
0 50 13826927 5 0 26.1785
0 50 115894879 5 0 19.2891
0 50 36918481 4 0 14.9359
0 50 51593801 4 0 14.7845
0 50 77990466 4 0 10.79
0 50 95407512 5 0 14.5
0 50 103013726 5 0 17.9375
0 50 86404219 5 0 20.9219
0 50 61499430 5 0 10.6659
0 50 34940106 5 0 10.13
0 50 35235033 5 0 11.5749
0 50 149752512 4 0 10.13
0 50 85675535 5 0 8.17
0 50 36918359 5 0 10.5928
0 50 13870642 5 0 14.5
0 50 77990467 4 0 15.4183
0 50 35715389 5 0 15.9141
0 50 26525630 4 0 8.17
0 50 26584742 5 0 32.3008
0 50 77990465 4 0 32.2824
0 50 68031503 4 0 8.77465
0 50 25731913 5 0 10.13
0 51 67038825 5 0 12.8976
0 51 54602694 5 0 15.0897
0 51 91926523 4 0 48.6758
0 51 53961709 5 0 13.9844
0 51 38717546 5 0 18.375
0 51 55423946 5 0 68.3698
0 51 55423944 5 0 10.79
0 51 54602695 5 0 14.4444
0 51 129371193 4 0 10.7752
0 51 56447330 4 0 14.4297
0 51 129371208 5 0 19.0061
0 51 67038803 4 0 25.82
0 51 55423942 4 0 30.9436
0 51 54320682 4 0 23.2879
0 51 112147116 4 0 14.125
0 51 55423945 5 0 18.0185
0 51 75208106 4 0 13.6875
0 51 54320684 5 0 11.2604
0 51 77555628 5 0 13.3623
0 51 42353920 5 0 16.9263
0 51 55423947 5 0 17.6687
0 51 54602693 5 0 12.6835
0 51 54320632 4 0 11.7996
0 51 143477637 4 0 15.2786
0 51 64392395 4 0 23.5
0 51 54606249 5 0 8.15019
0 51 67298925 4 0 14.5
0 51 54602857 4 0 11.1533
0 51 159132107 4 0 13.893
0 51 164887254 4 0 14.5
0 52 26436467 4 0 32.3007
0 52 115427666 4 0 17.125
0 52 32438343 4 0 43.1584
0 52 31312576 5 0 26.6914
0 52 32439301 5 0 14.2395
0 52 143227596 5 0 11.2969
0 52 125142044 4 0 13.3784
0 52 27702525 5 0 9.7205
0 52 28415054 4 0 10.9961
0 52 153844155 4 0 10.064
0 52 32338627 5 0 14.2417
0 52 27694201 5 0 17.6977
0 52 193672224 5 0 14.5
0 52 29968176 4 0 8.17
0 52 47057920 4 0 14.5
0 52 109836110 4 0 19.625
0 52 19300319 4 0 11.396
0 52 20726164 5 0 47.6102
0 52 33762398 5 0 11
0 52 72888289 4 0 14.5
0 52 26700270 5 0 13.389
0 52 31312575 5 0 10.79
0 52 33908542 5 0 15.625
0 52 6945731 4 0 14.5
0 52 26700268 5 0 32.3007
0 52 164339650 4 0 9.36499
0 52 28465212 5 0 14.5
0 52 165455620 5 0 16.0532
0 53 173578801 4 0 13.3855
0 53 85200815 4 0 9.24502
0 53 83465801 5 0 16.582
0 53 173578810 4 0 16.3958
0 53 174249333 5 0 20.7161
0 53 8144240 5 0 8.17
0 53 174249334 5 0 16.0652
0 53 139773678 5 0 14.5
0 53 85189780 4 0 44.6397
0 53 86639239 5 0 12.91
0 53 8142347 5 0 13.0178
0 54 31344617 4 0 33.4394
0 54 6916867 4 0 12.3081
0 54 193184499 4 0 11.9609
0 54 175321770 5 0 13.625
0 54 95011004 4 0 14.5
0 54 103775800 5 0 13.0385
0 54 145206113 4 0 10.9375
0 54 54738974 4 0 11.2835
0 54 7463068 4 0 16.0503
0 55 92524881 4 0 17.1875
0 55 154123505 4 0 10.7956
0 55 25988598 5 0 28.646
0 55 71984637 4 0 11.9344
0 55 143552821 5 0 9.24067
0 55 143552822 5 0 15.6115
0 55 20738388 5 0 28.5543
0 55 46021190 5 0 13.028
0 55 90065480 5 0 16.6794
0 55 90065104 5 0 18.0232
0 55 143552828 4 0 27.1324
0 55 83023061 5 0 43.1434
0 55 90065100 4 0 14.2382
0 55 80880100 4 0 32.2944
0 55 71821195 4 0 10.2516
0 55 66512011 4 0 13.3917
0 55 32083442 5 0 11.8355
0 55 71687124 5 0 21.3408
0 55 20673955 5 0 10.79
0 55 65399487 5 0 13.39
0 55 20738383 5 0 15.4613
0 55 66729778 4 0 10.13
0 55 59055429 4 0 53.3136
0 55 89768442 5 0 33.1928
0 55 53744127 4 0 10.7888
0 55 71687339 5 0 14.023
0 55 71940586 4 0 32.5195
0 55 32083441 5 0 13.3482
0 55 71064906 4 0 14.5439
0 55 59059554 5 0 10.7901
0 55 71984638 4 0 10.7896
0 55 32083439 4 0 13.3884
0 55 20673954 4 0 15.4508
0 55 20556001 4 0 13.4602
0 55 65431432 5 0 7.82936
0 55 56767562 5 0 16.0597
0 55 20673953 4 0 13.7392
0 55 54030677 4 0 9.69615
0 55 59055416 5 0 16.05
0 56 159107746 4 0 34.9855
0 56 147982025 5 0 15.7977
0 56 105586848 4 0 10.76
0 56 147981950 4 0 21.3525
0 56 20399625 5 0 10.7811
0 56 23395057 4 0 14.2344
0 56 147981949 4 0 10.79
0 57 107485893 5 0 36.5
0 57 78103981 4 0 23.1022
0 57 86209011 5 0 20.5471
0 57 71652163 5 0 10.556
0 57 86209009 4 0 10.7888
0 57 78054701 5 0 16.9248
0 57 78104151 4 0 38.5904
0 57 91760308 5 0 10.13
0 57 154498142 4 0 11.5163
0 57 78104150 4 0 52.4359
0 57 166310204 5 0 14.7177
0 57 97292660 4 0 14.3301
0 57 97487674 4 0 17.6453
0 57 97570099 4 0 12.7494
0 57 71651821 5 0 13.3893
0 57 165671107 5 0 16.0462
0 57 78103986 5 0 39.232
0 57 91790538 4 0 10.7904
0 57 91512195 4 0 13.3903
0 57 78103985 5 0 10.79
0 57 77873694 5 0 15.5469
0 57 72031486 5 0 8.02453
0 57 98833960 4 0 11.31
0 57 91760098 5 0 11.31
0 58 131418667 4 0 13.1875
0 58 114642893 4 0 38.9062
0 58 131418668 4 0 14.5
0 58 77061623 4 0 15.4844
0 58 28839144 4 0 21.7031
0 58 161407074 5 0 18.4224
0 58 128730572 4 0 17.7188
0 59 72358226 4 0 32.2858
0 59 59336070 4 0 32.2997
0 59 3896928 5 0 14.625
0 59 47129603 5 0 16.7383
0 59 48609948 5 0 27.5803
0 59 12765443 4 0 8.36153
0 59 84827206 4 0 16.125
0 59 22856452 5 0 12.6875
0 59 67557720 4 0 13.4375
0 59 60271459 5 0 38.375
0 59 17637605 5 0 19.3594
0 59 80322323 5 0 10.79
0 59 32477682 5 0 17.0938
0 59 40225203 4 0 10.788
0 59 21033526 4 0 8.17
0 60 20193200 5 0 19
0 60 103050080 4 0 11.6887
0 60 48157587 5 0 37.4375
0 60 152684167 5 0 10.2879
0 60 4643083 4 0 16.0461
0 60 141833014 5 0 13.3996
0 60 103050082 5 0 13.5373
0 60 3888227 4 0 14.5
0 61 87744204 5 0 14.8516
0 61 60344444 5 0 16.1259
0 61 14198791 4 0 14.5
0 61 49777490 4 0 16.4375
0 61 15171094 5 0 10.7597
0 62 62718914 4 0 15.6
0 62 62718722 5 0 39.7843
0 62 42663198 5 0 16.4476
0 62 62718775 4 0 13.39
0 62 50399184 4 0 15.0149
0 62 53436295 5 0 14.5178
0 62 42025847 4 0 16.6058
0 62 42787691 5 0 10.9824
0 62 42025894 4 0 10.13
0 62 125400178 4 0 35.9404
0 62 61171192 4 0 19.2163
0 62 52025845 5 0 9.71758
0 62 62718835 5 0 15.2461
0 62 62718776 4 0 34.9987
0 62 42642144 4 0 16.8998
0 62 53325291 4 0 12.8718
0 62 62718913 5 0 22.8276
0 62 61854768 5 0 10.6194
0 62 53297044 4 0 10.4453
0 62 52655102 5 0 8.73522
0 62 53297514 5 0 8.17
0 62 42641921 5 0 8.09536
0 62 41135080 4 0 9.21903
0 62 62718721 5 0 13.2015
0 62 78178440 5 0 11.31
0 62 61001334 5 0 12.0276
0 62 42190280 4 0 14.0034
0 62 51024568 4 0 33.0146
0 62 61854862 5 0 11.116
0 62 53436298 5 0 16.0374
0 62 62097706 4 0 11.7593
0 62 42603663 4 0 13.39
0 62 62600530 4 0 8.03973
0 62 78208501 5 0 14.0723
0 62 61615867 4 0 13.3901
0 62 61469318 5 0 16.0501
0 62 78213226 4 0 17.0122
0 62 50399179 5 0 32.3
0 62 39786857 5 0 10.9912
0 62 61854861 5 0 13.3901
0 62 62718637 5 0 16.05
0 62 61469327 4 0 17.1706
0 62 62718726 5 0 12.91
0 62 62718910 4 0 13.1513
0 62 4464978 4 0 32.3303
0 62 53442669 5 0 11.4855
0 62 62718720 5 0 13.6483
0 62 62718774 4 0 16.6158
0 62 43559564 5 0 24.18
0 62 78213207 4 0 12.91
0 62 113432800 4 0 8.17
0 62 60209266 4 0 19.7925
0 62 61828630 4 0 13.39
0 62 61828631 4 0 10.7899
0 62 62718873 5 0 13.8265
0 62 42603199 5 0 12.2028
0 63 114799313 4 0 14.5
0 63 114655447 5 0 15.8262
0 63 114799317 5 0 13.3188
0 63 107933377 5 0 20.7053
0 63 127829535 4 0 13.9286
0 63 107857295 4 0 16.0499
0 63 107933376 4 0 10.7901
0 63 107933840 4 0 19.3797
0 63 107933843 4 0 16.0498
0 63 107598193 4 0 11.9589
0 63 114785311 4 0 14.2027
0 63 63301677 5 0 10.9769
0 63 107933375 4 0 20.4421
0 63 114799229 4 0 13.3024
0 63 114799232 5 0 13.39
0 63 127107302 5 0 12.2266
0 63 63301670 5 0 11.31
0 63 108324523 4 0 16.05
0 64 10680403 5 0 17.0625
0 64 140736254 4 0 10.0946
0 64 31805553 4 0 14.5
0 65 104709231 5 0 20.4783
0 65 84033442 5 0 54.2033
0 65 114721177 5 0 27.5598
0 65 101763413 5 0 16.0501
0 65 114721184 4 0 12.8526
0 65 102928379 5 0 53.6289
0 65 84150263 5 0 15.1538
0 65 67164452 5 0 13.25
0 65 95239886 5 0 17.3477
0 65 98166693 4 0 8.17
0 65 114703034 4 0 11.9405
0 65 103993062 4 0 26.4542
0 65 103920037 5 0 12.4082
0 65 101696379 5 0 27.9592
0 65 113835914 5 0 15.7252
0 65 142316567 5 0 21.2231
0 65 84033612 5 0 66.7375
0 65 135759334 4 0 8.5363
0 65 103993064 5 0 14.1003
0 65 103920164 5 0 8.17
0 65 114721264 5 0 29.3034
0 65 98046262 4 0 24.2199
0 65 83127038 5 0 13.8164
0 65 84033447 5 0 50.6169
0 65 114721270 4 0 16.0571
0 65 84033471 5 0 17.2687
0 65 23881532 5 0 13.162
0 65 43548198 5 0 16.4375
0 65 102928373 4 0 14.0148
0 65 103920122 4 0 12.9499
0 65 115211577 5 0 11.8752
0 65 102425233 5 0 14.5
0 65 47908707 5 0 21.125
0 65 25802620 5 0 10.13
0 65 83126870 4 0 16.7376
0 65 102928503 4 0 16.8203
0 65 114167925 5 0 12.91
0 65 103920036 5 0 17.5703
0 65 25802540 4 0 13.39
0 65 136072529 4 0 17.6287
0 65 131702124 4 0 15.4619
0 65 82896010 5 0 8.35986
0 65 96140602 4 0 9.37386
0 65 95239880 4 0 38.1863
0 65 84033450 5 0 10.13
0 65 101763448 4 0 8.58537
0 65 126406148 5 0 15.625
0 65 136072368 4 0 12.91
0 65 136072449 4 0 27.5161
0 65 115130579 4 0 13.8786
0 65 54672864 4 0 13.8848
0 65 98100272 5 0 13.3899
0 65 104711075 5 0 19.5547
0 65 11617316 5 0 10.8163
0 65 113835953 4 0 16.05
0 65 136072448 4 0 16.05
0 65 136719049 4 0 11.3786
0 65 84033447 4 0 32.3
0 65 98046186 5 0 10.7899
0 65 102301871 5 0 12.1533
0 65 95239706 5 0 32.3
0 65 102928301 5 0 12.7579
0 65 83631988 5 0 10.13
0 65 103176595 4 0 9.69025
0 65 103176437 5 0 16.05
0 65 103284854 4 0 10.13
0 65 103993148 4 0 11.1543
0 65 100332138 5 0 13.7422
0 65 103802571 4 0 9.7418
0 65 95239709 4 0 13.39
0 65 103873846 5 0 10.7901
0 66 20780271 4 0 14.0128
0 67 62041432 4 0 32.3
0 67 62801276 5 0 16.5644
0 67 96377329 5 0 12.875
0 67 62041433 4 0 21.6661
0 67 75243929 4 0 23.1564
0 67 63846463 4 0 16.7861
0 67 111253540 5 0 18.5877
0 67 51462663 5 0 10.7902
0 67 149202257 4 0 13.4042
0 67 63844471 5 0 16.9375
0 67 75243919 5 0 14.5
0 67 62801277 5 0 13.39
0 67 75243928 4 0 16.05
0 67 62041657 4 0 19.785
0 67 125352006 4 0 37.0625
0 67 51826808 5 0 14.5
0 67 62766578 4 0 14.9704
0 67 63416654 4 0 10.3868
0 68 101339809 4 0 10.8121
0 68 25541070 4 0 14.5
0 68 151359389 4 0 16.0504
0 68 103130728 5 0 14.9205
0 68 90426488 4 0 10.4379
0 68 103130738 5 0 32.7478
0 68 45139310 4 0 13.4219
0 68 150390604 4 0 14.5
0 68 74406608 4 0 13.4001
0 69 127086262 4 0 21.125
0 69 26777941 4 0 10.6238
0 69 32322695 4 0 17.25
0 69 105575262 5 0 16.0558
0 69 145257049 4 0 10.7924
0 69 1219218 5 0 7.87471
0 69 50251514 4 0 13.4375
0 69 1104129 4 0 10.3099
0 69 4183721 4 0 11.31
0 69 144415909 4 0 11.6924
0 69 144415911 5 0 26.1732
0 69 144401057 5 0 10.2018
0 69 35513022 5 0 10.7626
0 69 4183806 5 0 13.4093
0 70 85165648 5 0 17
0 70 88953839 4 0 17.375
0 70 95947935 5 0 15
0 70 71929509 4 0 12.91
0 70 37280712 5 0 32.3028
0 71 51935293 5 0 17.7496
0 71 19355498 4 0 12.1875
0 71 10504538 4 0 14.6314
0 71 7952129 4 0 13.3948
0 71 7952137 4 0 50.2454
0 71 51935294 5 0 8.17
0 71 21827634 5 0 8.47704
0 71 7952132 5 0 13.39
0 71 10504537 4 0 13.3842
0 71 48883780 5 0 10.7791
0 71 33541305 5 0 16.0625
0 72 6248843 4 0 13.0938
0 72 109693950 4 0 20.6559
0 72 99460105 5 0 16.3206
0 72 70675113 4 0 13.6138
0 72 43958795 5 0 13.7803
0 72 26512922 4 0 14.1484
0 72 57811242 5 0 13.3899
0 72 99084143 4 0 10.495
0 72 70690572 4 0 27.3443
0 72 83623421 5 0 11.5843
0 72 649284 4 0 13.5781
0 72 58591821 5 0 10.8247
0 72 83726068 4 0 15.0791
0 72 109693952 5 0 10.13
0 72 43323550 4 0 17.9733
0 72 57959590 4 0 10.4935
0 72 6556261 4 0 12.7724
0 72 104363994 5 0 33.0156
0 72 111046055 4 0 33.771
0 72 83477376 4 0 7.86931
0 72 83618663 4 0 19.0702
0 72 57811180 4 0 25.9663
0 72 116692107 4 0 24.0675
0 72 111046074 4 0 29.44
0 72 43142203 4 0 14.1626
0 72 46286848 5 0 11.7813
0 72 57536099 5 0 8.91384
0 72 43024243 5 0 11.4243
0 72 109693951 4 0 12.5738
0 72 83600329 4 0 18.0978
0 72 43958801 5 0 13.584
0 72 57876070 4 0 8.40252
0 72 84277348 4 0 9.67384
0 72 56996485 5 0 14.5
0 72 71505484 4 0 10.7923
0 72 109693954 5 0 16.05
0 72 46971925 5 0 14.5
0 72 46215070 4 0 16.05
0 72 111094498 4 0 15.7125
0 72 29802235 5 0 13.1963
0 72 83618969 4 0 13.7604
0 72 70731775 4 0 14.9498
0 72 111046056 4 0 10.79
0 73 50978114 4 0 40.984
0 73 56647560 5 0 17.3844
0 73 50978118 5 0 10.7984
0 73 56647652 4 0 13.39
0 73 87793378 5 0 8.27279
0 73 29116414 5 0 23.25
0 73 50978116 5 0 10.9138
0 73 86991381 5 0 9.02484
0 73 86416051 5 0 7.53389
0 73 56647562 5 0 14.776
0 74 14043117 5 0 23.8175
0 74 65717788 5 0 8.06689
0 74 77710762 4 0 10.13
0 74 64254664 4 0 84.3133
0 74 82811320 4 0 18.6654
0 74 14043202 5 0 12.1531
0 74 25951361 4 0 16.7439
0 74 64215621 5 0 16.7004
0 74 12079614 4 0 10.793
0 74 64215667 5 0 10.79
0 74 64215668 5 0 14.5
0 74 64215661 5 0 13.39
0 74 64215567 4 0 16.1445
0 74 64215752 5 0 39.1912
0 74 82811310 4 0 8.54024
0 74 81566624 5 0 7.76588
0 74 64215666 5 0 14.1756
0 74 14043121 4 0 74.0502
0 74 66197951 4 0 16.3516
0 74 64215753 4 0 34.614
0 74 77903160 4 0 11.3307
0 74 64261737 4 0 11.9877
0 74 77902872 4 0 24.4787
0 74 64215665 5 0 18.0648
0 74 64249751 5 0 10.4941
0 74 36960815 4 0 14.5
0 74 65126814 5 0 8.17
0 74 51581568 4 0 14.5
0 74 64261723 5 0 10.79
0 74 25951536 5 0 8.17
0 74 58528484 5 0 10.7912
0 74 14043195 4 0 12.8586
0 74 75799095 4 0 10.9415
0 74 25951541 5 0 32.2777
0 75 38983186 5 0 13.3487
0 75 50781758 4 0 16.9165
0 75 39118423 5 0 10.13
0 75 50921216 4 0 16.0767
0 75 52944768 4 0 13.4155
0 75 51728256 4 0 14.5
0 76 53086088 5 0 17.2115
0 76 67728442 5 0 19.2572
0 76 50052134 5 0 14.5
0 76 92665337 5 0 22.3786
0 76 67728443 5 0 32.3007
0 77 45467683 4 0 20.875
0 78 41102805 5 0 16.4375
0 78 15071148 5 0 10.4888
0 79 20315451 4 0 13.3899
0 79 20312176 4 0 25.0165
0 79 20350391 5 0 12.8707
0 79 18791399 5 0 24.63
0 79 19918564 4 0 11.1831
0 79 18791405 4 0 20.1561
0 79 20124460 4 0 16.446
0 79 20038327 5 0 8.40435
0 79 19920915 4 0 10.4461
0 79 20112624 4 0 9.58863
0 79 20308880 5 0 9.68851
0 79 20349589 4 0 20.9814
0 79 19918478 4 0 10.79
0 79 18791408 5 0 10.79
0 79 20349509 4 0 28.0695
0 79 20315448 5 0 18.5906
0 79 22172071 4 0 16.625
0 79 19918547 4 0 19.4092
0 79 18791355 4 0 14.6027
0 79 18974832 5 0 12.6106
0 79 20147501 5 0 9.87424
0 79 19962786 4 0 14.0485
0 79 19962788 5 0 43.3011
0 79 19962784 4 0 24.18
0 79 19918549 4 0 13.39
0 80 20055030 5 0 12.91
0 80 15750756 5 0 15.9448
0 80 53101144 5 0 27.5974
0 80 18312148 4 0 16.5934
0 80 15779406 4 0 16.0501
0 80 15779492 5 0 20.6455
0 80 17592723 5 0 32.3001
0 80 17592722 5 0 36.31
0 80 15779402 5 0 18.7979
0 80 17472862 5 0 20.9202
0 80 27977614 5 0 13.3832
0 80 18312150 5 0 10.7899
0 80 18239351 5 0 9.88291
0 81 42375644 4 0 9.11135
0 82 2386017 5 0 13.39
0 82 2386021 4 0 29.498
0 82 1959302 5 0 48.4002
0 82 14318815 5 0 18.1875
0 82 2385816 5 0 45.1
0 82 1602394 5 0 9.97013
0 82 1739194 5 0 13.39
0 82 2338840 4 0 15.3913
0 82 1626334 5 0 34.7086
0 82 2338766 4 0 13.39
0 82 26453665 5 0 14.3438
0 82 1959296 4 0 12.91
0 82 2386076 4 0 8.83624
0 82 26501665 5 0 17.8516
0 82 1633238 4 0 14.5
0 82 1739205 5 0 13.39
0 82 37932476 4 0 14.5
0 82 1633492 5 0 32.3
0 82 1739146 4 0 13.39
0 82 1739192 5 0 14.5
0 84 28756362 4 0 12.0625
0 84 52202539 4 0 21.51
0 84 35507208 4 0 10.7867
0 84 32236655 5 0 10.7888
0 84 32236573 4 0 8.17
0 85 31441580 5 0 14.6406
0 85 68403429 4 0 14.935
0 85 77926338 5 0 36.9219
0 85 22111858 5 0 18.4134
0 85 65635146 5 0 13.7227
0 85 22111944 5 0 16.0553
0 86 70596092 5 0 9.15803
0 86 73178351 5 0 11.4297
0 86 38077691 4 0 14.5
0 86 39321516 5 0 8.17
0 86 72494907 4 0 14.5
0 87 41548102 4 0 18.5
0 87 41548110 4 0 13.3966
0 88 1206695 4 0 17.6694
0 88 1153232 4 0 18.5315
0 88 1206731 5 0 11.5119
0 88 1611852 4 0 8.87075
0 88 1206779 5 0 28.4049
0 88 1161891 5 0 8.17
0 89 44318313 5 0 10.7897
0 91 40128222 4 0 13.3203
1 0 82750633 4 1 1
1 0 96998170 4 1 1
1 0 105791899 5 1 1
1 0 50779611 4 1 1
1 0 132548263 4 1 1
1 0 95655465 5 1 1
1 0 83416211 4 1 1
1 0 73405560 4 1 1
1 0 95655516 4 1 1
1 0 97208223 5 1 1
1 0 48799420 5 1 1
1 0 57756033 5 1 1
1 0 14274495 5 1 1
1 0 105657387 4 1 1
1 0 58500945 5 1 1
1 0 72262503 5 1 1
1 0 57904041 4 1 1
1 0 57904204 5 1 1
1 0 99793520 5 1 1
1 0 57444488 5 1 1
1 0 148899210 5 1 1
1 0 57771702 4 1 1
1 0 72693319 4 1 1
1 0 135512435 5 1 1
1 0 96821203 5 1 1
1 0 96205852 5 1 1
1 0 84134529 5 1 1
1 0 106236220 5 1 1
1 1 9414057 4 1 1
1 1 218958988 5 1 1
1 1 30238698 4 1 1
1 1 77380942 4 1 1
1 1 231963791 4 1 1
1 1 84230114 4 1 1
1 1 83617547 5 1 1
1 1 4419206 5 1 1
1 1 147000215 4 1 1
1 1 190002241 4 1 1
1 2 196990567 4 1 1
1 2 197082873 4 1 1
1 2 183623675 4 1 1
1 2 88996642 4 1 1
1 2 183600320 5 1 1
1 2 197595609 4 1 1
1 2 197117853 5 1 1
1 2 2696502 5 1 1
1 2 233749798 5 1 1
1 2 197685793 4 1 1
1 2 197096350 5 1 1
1 2 230804241 5 1 1
1 2 251828226 4 1 1
1 2 197843203 5 1 1
1 2 251719911 4 1 1
1 2 197448128 5 1 1
1 2 120653780 5 1 1
1 2 197059817 5 1 1
1 3 93607849 4 1 1
1 3 92009978 4 1 1
1 3 144918919 4 1 1
1 3 161805854 5 1 1
1 3 163382398 4 1 1
1 3 44547407 4 1 1
1 3 32896411 5 1 1
1 3 190088273 5 1 1
1 3 88779377 4 1 1
1 3 162527742 4 1 1
1 3 163382782 4 1 1
1 3 93607827 5 1 1
1 4 44725103 5 1 1
1 4 44839704 4 1 1
1 4 32746105 5 1 1
1 4 44511110 5 1 1
1 4 32758153 4 1 1
1 4 32741057 5 1 1
1 4 44834183 5 1 1
1 4 32746251 4 1 1
1 4 132490237 4 1 1
1 4 187918355 5 1 1
1 4 47071069 5 1 1
1 4 31107705 5 1 1
1 4 45127301 4 1 1
1 4 114612529 4 1 1
1 4 30647104 5 1 1
1 4 32745879 5 1 1
1 4 188132123 4 1 1
1 4 31647943 5 1 1
1 4 30952619 5 1 1
1 4 47071338 4 1 1
1 4 124011253 5 1 1
1 4 44834534 5 1 1
1 4 147716879 4 1 1
1 5 202549689 5 1 1
1 5 175359163 5 1 1
1 5 17031204 5 1 1
1 5 126658326 4 1 1
1 5 100780957 5 1 1
1 5 176073914 5 1 1
1 5 117258644 4 1 1
1 5 189498952 4 1 1
1 5 43400510 5 1 1
1 5 12036530 5 1 1
1 5 202549801 4 1 1
1 5 672593 5 1 1
1 5 28998823 4 1 1
1 5 29413566 5 1 1
1 5 257547 5 1 1
1 5 107106 5 1 1
1 5 162430130 5 1 1
1 5 18400155 5 1 1
1 6 38351133 4 1 1
1 6 7294994 5 1 1
1 7 117545126 5 1 1
1 7 101502606 5 1 1
1 7 28805531 5 1 1
1 7 141824394 5 1 1
1 7 119067980 5 1 1
1 7 24824116 5 1 1
1 7 13652417 5 1 1
1 7 76366340 4 1 1
1 7 119280080 5 1 1
1 8 181597691 5 1 1
1 8 171571868 4 1 1
1 9 64460297 4 1 1
1 9 149502302 4 1 1
1 9 67693518 4 1 1
1 9 148500767 5 1 1
1 9 8244554 4 1 1
1 9 76666011 4 1 1
1 10 162140016 5 1 1
1 10 53573392 5 1 1
1 10 162414460 4 1 1
1 12 126305201 4 1 1
1 12 12428264 4 1 1
1 12 73051686 5 1 1
1 13 96167836 5 1 1
1 13 95718164 5 1 1
1 13 108784455 5 1 1
1 13 136352623 4 1 1
1 13 95845241 4 1 1
1 15 128222865 4 1 1
1 15 138910951 5 1 1
1 15 140501819 4 1 1
1 15 130053717 5 1 1
1 15 12593345 4 1 1
1 15 153232484 5 1 1
1 15 147313796 4 1 1
1 15 96145095 4 1 1
1 15 140831526 5 1 1
1 15 57382227 4 1 1
1 15 96145090 5 1 1
1 15 96518779 5 1 1
1 15 128222865 5 1 1
1 15 128820672 4 1 1
1 15 145264747 4 1 1
1 15 128184811 5 1 1
1 15 125625788 5 1 1
1 15 130833041 5 1 1
1 15 84000152 4 1 1
1 15 140331887 4 1 1
1 15 83134534 4 1 1
1 15 52059562 5 1 1
1 15 131112130 4 1 1
1 15 96112539 5 1 1
1 16 57633004 5 1 1
1 16 49064340 5 1 1
1 16 51196310 5 1 1
1 16 68928398 5 1 1
1 16 69594910 4 1 1
1 16 50841552 4 1 1
1 16 37026137 5 1 1
1 16 42768298 4 1 1
1 16 55209644 5 1 1
1 16 67578447 5 1 1
1 16 67401436 4 1 1
1 16 55740973 5 1 1
1 17 1869520 5 1 1
1 17 2710324 4 1 1
1 17 148175920 4 1 1
1 18 11050633 4 1 1
1 18 105895118 4 1 1
1 20 107774984 5 1 1
1 20 8236382 4 1 1
1 20 83825277 4 1 1
1 21 73455741 5 1 1
1 21 55927665 5 1 1
1 21 129367058 5 1 1
1 21 57231510 5 1 1
1 21 16241609 5 1 1
1 21 73761314 5 1 1
1 21 56419679 5 1 1
1 21 55869786 5 1 1
1 22 50591804 4 1 1
1 22 36979081 5 1 1
1 22 31578648 4 1 1
1 22 37757339 5 1 1
1 22 39253226 4 1 1
1 22 46836309 5 1 1
1 22 31762103 5 1 1
1 22 72489775 4 1 1
1 22 36942298 5 1 1
1 22 58939151 4 1 1
1 22 31762014 5 1 1
1 22 47140231 5 1 1
1 22 39085209 4 1 1
1 23 43838038 5 1 1
1 23 31040031 5 1 1
1 23 51851537 4 1 1
1 23 80327154 4 1 1
1 23 43837513 4 1 1
1 23 40711494 4 1 1
1 23 43836929 4 1 1
1 23 51914140 5 1 1
1 23 42091585 5 1 1
1 23 93702062 4 1 1
1 23 52445915 4 1 1
1 23 101616322 5 1 1
1 23 40701074 5 1 1
1 23 79318372 4 1 1
1 23 77726296 5 1 1
1 23 42466770 5 1 1
1 23 43825650 5 1 1
1 23 42466754 5 1 1
1 23 32292344 4 1 1
1 23 92280773 5 1 1
1 24 66141869 4 1 1
1 24 67320680 5 1 1
1 24 147124322 4 1 1
1 24 50731175 4 1 1
1 24 145140659 4 1 1
1 24 148099775 4 1 1
1 24 67351613 4 1 1
1 24 77256626 5 1 1
1 24 98435227 5 1 1
1 24 57780667 4 1 1
1 25 13095279 4 1 1
1 25 74729699 4 1 1
1 25 114082904 4 1 1
1 25 13095194 5 1 1
1 25 1255418 5 1 1
1 25 13434890 5 1 1
1 26 9317314 5 1 1
1 26 15372692 5 1 1
1 26 25868925 5 1 1
1 26 50365397 5 1 1
1 26 50365310 4 1 1
1 26 66311794 5 1 1
1 26 62799166 4 1 1
1 26 66311691 5 1 1
1 27 102607525 5 1 1
1 27 51695412 5 1 1
1 28 86792678 5 1 1
1 28 10647241 4 1 1
1 28 9213243 4 1 1
1 28 88234271 5 1 1
1 28 87613409 5 1 1
1 28 100718105 4 1 1
1 28 10635062 5 1 1
1 28 100872853 4 1 1
1 28 79692974 5 1 1
1 28 88137365 5 1 1
1 28 9223735 4 1 1
1 28 69098171 4 1 1
1 28 94017588 5 1 1
1 28 69160408 5 1 1
1 28 9223751 5 1 1
1 28 9225961 4 1 1
1 28 9921101 5 1 1
1 30 56689083 5 1 1
1 31 62945551 4 1 1
1 31 59739346 5 1 1
1 31 59754415 4 1 1
1 31 37019572 5 1 1
1 31 8169811 5 1 1
1 31 60444421 4 1 1
1 33 42221587 5 1 1
1 33 18254681 5 1 1
1 33 2661789 4 1 1
1 34 18628005 4 1 1
1 34 62238337 4 1 1
1 34 19169149 4 1 1
1 34 19824793 5 1 1
1 34 19169008 5 1 1
1 34 20300275 4 1 1
1 34 19828872 5 1 1
1 34 19948835 4 1 1
1 34 19823331 5 1 1
1 34 56925195 4 1 1
1 34 18582306 4 1 1
1 34 17126538 4 1 1
1 34 19824778 5 1 1
1 34 19824776 5 1 1
1 34 19855610 4 1 1
1 34 61094655 5 1 1
1 34 62918610 5 1 1
1 34 62090458 5 1 1
1 34 16993923 5 1 1
1 36 7660582 4 1 1
1 36 14246887 4 1 1
1 36 30639252 5 1 1
1 36 24837727 4 1 1
1 36 17129305 5 1 1
1 36 20706132 5 1 1
1 36 29237623 4 1 1
1 36 74741703 5 1 1
1 36 26561500 5 1 1
1 36 29907110 5 1 1
1 36 29907120 4 1 1
1 36 31056550 5 1 1
1 36 28377890 4 1 1
1 36 15062654 4 1 1
1 36 46025029 4 1 1
1 36 26085752 5 1 1
1 36 41286411 5 1 1
1 36 14259384 5 1 1
1 36 26364216 5 1 1
1 36 25397616 5 1 1
1 36 16431285 4 1 1
1 36 75529420 4 1 1
1 36 47713093 5 1 1
1 36 14999120 4 1 1
1 36 16432663 5 1 1
1 36 26561651 5 1 1
1 36 26588657 4 1 1
1 36 40495416 5 1 1
1 36 31056566 4 1 1
1 36 20706115 5 1 1
1 37 25810326 4 1 1
1 38 52474877 5 1 1
1 38 17713554 5 1 1
1 38 47592018 5 1 1
1 38 52475018 5 1 1
1 38 48380438 5 1 1
1 38 33620568 4 1 1
1 39 71318653 4 1 1
1 40 33665482 4 1 1
1 40 33665794 4 1 1
1 44 49492685 4 1 1
1 44 48159553 5 1 1
1 44 48163699 5 1 1
1 45 25960223 5 1 1
1 45 10204897 4 1 1
1 45 24105012 4 1 1
1 45 23028078 4 1 1
1 46 79915843 5 1 1
1 46 96796224 4 1 1
1 46 210239076 4 1 1
1 46 79915710 4 1 1
1 46 250205502 4 1 1
1 46 92809143 4 1 1
1 46 79329207 5 1 1
1 47 200555150 4 1 1
1 47 249034448 4 1 1
1 47 59403204 5 1 1
1 47 172955551 4 1 1
1 47 235561886 4 1 1
1 47 235720420 4 1 1
1 47 59403474 4 1 1
1 47 127131221 5 1 1
1 47 135389746 5 1 1
1 47 228696420 5 1 1
1 47 135500243 4 1 1
1 47 135500249 4 1 1
1 47 156779260 5 1 1
1 47 136191156 5 1 1
1 47 34508116 4 1 1
1 47 42411992 4 1 1
1 48 123079862 4 1 1
1 48 119533344 5 1 1
1 48 152868645 5 1 1
1 48 91021209 4 1 1
1 48 152396218 4 1 1
1 48 123069406 5 1 1
1 48 142145273 5 1 1
1 48 143213002 4 1 1
1 48 171200018 4 1 1
1 48 70145038 5 1 1
1 48 142677021 4 1 1
1 48 119754030 4 1 1
1 48 154517421 5 1 1
1 48 81203944 4 1 1
1 48 110475959 5 1 1
1 48 240070156 5 1 1
1 48 73793462 5 1 1
1 48 142670531 5 1 1
1 48 152842381 4 1 1
1 48 154765764 4 1 1
1 48 142559226 4 1 1
1 48 129019929 4 1 1
1 48 152408974 4 1 1
1 49 253849295 5 1 1
1 49 146856323 4 1 1
1 49 253446646 4 1 1
1 49 18707527 5 1 1
1 49 253449906 4 1 1
1 49 252678504 5 1 1
1 49 144033704 5 1 1
1 49 151948891 5 1 1
1 49 146480424 5 1 1
1 49 51401687 5 1 1
1 49 20848278 5 1 1
1 49 163780575 4 1 1
1 49 18971646 4 1 1
1 49 242301631 4 1 1
1 49 129967536 5 1 1
1 49 128371920 5 1 1
1 50 26584743 4 1 1
1 50 14482686 4 1 1
1 50 77990086 5 1 1
1 50 56601023 5 1 1
1 50 36918277 4 1 1
1 50 27013480 5 1 1
1 50 1313086 5 1 1
1 50 26321289 4 1 1
1 50 38938680 4 1 1
1 50 176161788 5 1 1
1 50 34893488 4 1 1
1 50 34971513 4 1 1
1 51 77555605 5 1 1
1 51 67038820 4 1 1
1 51 42353915 4 1 1
1 51 53814296 4 1 1
1 51 54602608 4 1 1
1 51 67038829 5 1 1
1 51 26607628 5 1 1
1 51 80780034 5 1 1
1 51 152070560 5 1 1
1 51 54650495 4 1 1
1 51 76410702 5 1 1
1 51 68723353 4 1 1
1 51 129371129 4 1 1
1 51 77560710 5 1 1
1 51 55420125 4 1 1
1 51 42490962 5 1 1
1 51 54320248 5 1 1
1 51 53265487 5 1 1
1 52 31312660 4 1 1
1 52 31920217 4 1 1
1 52 200702151 4 1 1
1 52 20017308 4 1 1
1 52 125141989 4 1 1
1 52 162808345 4 1 1
1 52 27162732 4 1 1
1 52 193672220 5 1 1
1 52 115427657 4 1 1
1 52 26436272 4 1 1
1 52 109291522 5 1 1
1 52 20726155 5 1 1
1 52 128217372 4 1 1
1 53 182725203 5 1 1
1 53 8182260 4 1 1
1 53 99442248 4 1 1
1 53 154855846 5 1 1
1 53 45089509 4 1 1
1 53 175690333 5 1 1
1 53 156006595 4 1 1
1 53 85189791 4 1 1
1 53 112220743 5 1 1
1 53 75331411 5 1 1
1 54 193184475 4 1 1
1 54 6778982 4 1 1
1 54 31344629 4 1 1
1 54 46522167 5 1 1
1 54 7463143 4 1 1
1 54 93956922 5 1 1
1 54 154388026 4 1 1
1 54 52176998 4 1 1
1 54 53910837 5 1 1
1 54 6572288 5 1 1
1 55 31571696 5 1 1
1 55 101381851 4 1 1
1 55 32083434 5 1 1
1 55 90065410 4 1 1
1 55 83427835 4 1 1
1 55 90065199 4 1 1
1 55 89768446 5 1 1
1 55 103156929 5 1 1
1 55 72527728 5 1 1
1 55 92142983 5 1 1
1 55 80880099 5 1 1
1 55 83252627 4 1 1
1 55 66373339 4 1 1
1 55 20673963 4 1 1
1 55 71591077 4 1 1
1 55 53743978 5 1 1
1 55 194079070 5 1 1
1 55 81359079 5 1 1
1 55 103637089 4 1 1
1 56 171500542 4 1 1
1 56 158716208 4 1 1
1 56 22742215 4 1 1
1 56 22702193 4 1 1
1 56 167266634 5 1 1
1 56 50398468 5 1 1
1 56 173644583 4 1 1
1 56 174392806 5 1 1
1 57 93998617 5 1 1
1 57 166031497 5 1 1
1 57 78104075 4 1 1
1 57 91512283 4 1 1
1 57 91512196 5 1 1
1 57 85866176 4 1 1
1 57 71651828 5 1 1
1 57 91503339 4 1 1
1 57 71652165 5 1 1
1 57 96697598 5 1 1
1 58 145943825 4 1 1
1 58 131418669 5 1 1
1 58 161407172 4 1 1
1 58 161407144 4 1 1
1 58 161407084 4 1 1
1 59 38432262 5 1 1
1 59 22073709 4 1 1
1 59 48936721 4 1 1
1 59 46608501 5 1 1
1 59 79571554 4 1 1
1 59 40225279 5 1 1
1 60 3113565 4 1 1
1 60 4643034 4 1 1
1 60 141832935 5 1 1
1 60 4428560 4 1 1
1 61 456344 4 1 1
1 61 61059759 5 1 1
1 62 50394867 4 1 1
1 62 54084269 5 1 1
1 62 62600521 5 1 1
1 62 27314996 5 1 1
1 62 61355789 5 1 1
1 62 53451318 4 1 1
1 62 78178447 5 1 1
1 62 42642020 4 1 1
1 62 51024644 5 1 1
1 62 53302809 4 1 1
1 62 62718828 4 1 1
1 62 50392585 4 1 1
1 62 62718564 5 1 1
1 62 3369490 5 1 1
1 62 61657476 4 1 1
1 62 62177106 4 1 1
1 62 78208507 4 1 1
1 62 53410718 5 1 1
1 62 62513303 4 1 1
1 62 41132695 4 1 1
1 62 53392973 4 1 1
1 62 51024503 4 1 1
1 62 78230569 4 1 1
1 62 42497297 4 1 1
1 62 61120794 5 1 1
1 62 53436291 5 1 1
1 62 63267296 4 1 1
1 62 78220461 5 1 1
1 62 78232761 4 1 1
1 62 61469316 4 1 1
1 62 62600261 4 1 1
1 62 62718635 5 1 1
1 62 62718883 5 1 1
1 63 107598171 4 1 1
1 63 65857389 5 1 1
1 63 107857293 5 1 1
1 63 113722212 5 1 1
1 63 107930270 5 1 1
1 63 121616466 5 1 1
1 63 118856090 5 1 1
1 65 115211756 4 1 1
1 65 113659978 5 1 1
1 65 89270437 4 1 1
1 65 142316425 4 1 1
1 65 83126969 5 1 1
1 65 142316426 4 1 1
1 65 84452090 4 1 1
1 65 91144255 4 1 1
1 65 115211773 4 1 1
1 65 103176459 5 1 1
1 65 113835951 5 1 1
1 65 97290487 4 1 1
1 65 84033525 4 1 1
1 65 107257296 4 1 1
1 65 84149991 5 1 1
1 65 104709218 5 1 1
1 65 103801854 4 1 1
1 65 84033619 5 1 1
1 65 96511916 5 1 1
1 65 113741376 4 1 1
1 65 115130694 4 1 1
1 65 114721364 4 1 1
1 65 136218607 5 1 1
1 65 96192156 4 1 1
1 65 98098888 4 1 1
1 65 115357217 5 1 1
1 65 83075540 4 1 1
1 65 114708260 4 1 1
1 65 103993063 4 1 1
1 65 144507805 4 1 1
1 65 136072373 4 1 1
1 65 98100969 4 1 1
1 65 103176430 4 1 1
1 65 103176591 5 1 1
1 65 98112674 4 1 1
1 66 20780578 5 1 1
1 66 127014096 4 1 1
1 66 35404409 5 1 1
1 67 75243755 5 1 1
1 67 62041533 4 1 1
1 67 75243917 5 1 1
1 67 62041278 5 1 1
1 68 103374688 5 1 1
1 68 101339969 5 1 1
1 69 135966742 5 1 1
1 69 1219289 4 1 1
1 69 144420114 4 1 1
1 69 14885478 5 1 1
1 70 36785363 4 1 1
1 70 25766076 5 1 1
1 70 81972330 5 1 1
1 70 95948021 4 1 1
1 70 134545932 5 1 1
1 71 19355412 5 1 1
1 71 22156440 5 1 1
1 71 10485581 5 1 1
1 72 99084144 5 1 1
1 72 57049118 5 1 1
1 72 50737786 4 1 1
1 72 99460110 4 1 1
1 72 84148371 5 1 1
1 72 57277965 5 1 1
1 72 71506023 4 1 1
1 72 57209457 4 1 1
1 72 99460132 4 1 1
1 72 70675225 5 1 1
1 72 83476996 5 1 1
1 72 83657509 5 1 1
1 72 83679489 5 1 1
1 72 70731681 5 1 1
1 72 83618958 4 1 1
1 72 57048923 4 1 1
1 72 29802168 5 1 1
1 72 70731762 4 1 1
1 72 46286876 4 1 1
1 72 57462507 5 1 1
1 72 46003508 4 1 1
1 73 56005061 5 1 1
1 73 50978096 4 1 1
1 73 87317240 5 1 1
1 73 47486865 4 1 1
1 73 87102333 4 1 1
1 73 55855723 4 1 1
1 73 56412977 5 1 1
1 73 44939404 4 1 1
1 73 56413072 5 1 1
1 73 56413069 4 1 1
1 74 66197751 4 1 1
1 74 69730265 4 1 1
1 74 1882554 5 1 1
1 74 14050018 5 1 1
1 74 65062321 4 1 1
1 74 82811537 5 1 1
1 74 77903150 4 1 1
1 74 75817514 5 1 1
1 74 64215625 5 1 1
1 74 64215750 4 1 1
1 74 75817655 5 1 1
1 74 65156290 5 1 1
1 74 38246886 5 1 1
1 74 14200992 4 1 1
1 74 64215641 4 1 1
1 74 25027186 5 1 1
1 74 25027425 5 1 1
1 75 6182766 4 1 1
1 75 39706197 4 1 1
1 76 92665320 4 1 1
1 76 6830622 5 1 1
1 76 68124901 4 1 1
1 76 53086083 5 1 1
1 78 88707112 5 1 1
1 78 103227876 4 1 1
1 78 14324350 5 1 1
1 79 20308932 5 1 1
1 79 20384587 5 1 1
1 79 21742006 4 1 1
1 79 18997421 5 1 1
1 79 19918554 4 1 1
1 79 19984929 4 1 1
1 79 19962650 5 1 1
1 79 60383691 4 1 1
1 79 20124417 5 1 1
1 79 20124398 5 1 1
1 79 20350374 4 1 1
1 79 20124385 5 1 1
1 79 19904844 4 1 1
1 79 19918509 5 1 1
1 80 4826229 4 1 1
1 80 27977620 5 1 1
1 80 18249892 5 1 1
1 80 18312154 4 1 1
1 80 15670749 5 1 1
1 80 17627892 4 1 1
1 80 17497312 5 1 1
1 80 25913869 4 1 1
1 80 25913821 4 1 1
1 82 1633743 4 1 1
1 82 36597163 5 1 1
1 82 77750590 5 1 1
1 82 26575977 4 1 1
1 82 1739149 4 1 1
1 82 1739143 4 1 1
1 82 1739146 4 1 1
1 82 1906604 4 1 1
1 82 1739217 4 1 1
1 82 1918269 5 1 1
1 82 2386021 5 1 1
1 82 1906681 5 1 1
1 84 34107867 4 1 1
1 86 70620684 4 1 1
1 86 76279816 5 1 1
1 87 48602896 5 1 1
1 88 1153339 5 1 1
1 88 1614273 5 1 1
1 88 1191363 4 1 1
1 88 1635682 5 1 1
1 88 1626560 5 1 1
1 88 1114853 5 1 1
1 88 1680551 4 1 1
1 88 1625888 5 1 1
1 88 1162140 4 1 1
1 88 1114515 5 1 1
1 88 1626028 4 1 1
1 89 44318404 4 1 1
1 91 32049274 4 1 1
