0 1 49448179 5 0 13.045
0 1 49447292 5 0 19.9497
0 2 75825414 5 0 22.393
0 2 3961912 5 0 35.2061
0 2 75609911 5 0 9.24324
0 2 3969940 5 0 13.39
0 2 3961839 5 0 12.91
0 3 48270153 4 0 33.437
0 3 35072484 5 0 7.65792
0 3 33540279 4 0 9.29745
0 3 35219022 4 0 8.17
0 3 35071527 5 0 9.64931
0 4 28496793 5 0 32.6726
0 4 56888189 4 0 17.478
0 5 92014007 5 0 9.25142
0 5 11760511 5 0 16.0499
0 5 11760521 5 0 66.8406
0 5 37912087 5 0 10.98
0 5 92323120 5 0 13.39
0 5 81463407 5 0 20.018
0 5 92046974 4 0 11.0667
0 5 81464126 5 0 11.9854
0 5 11760508 4 0 20.7998
0 5 11761498 5 0 22.2511
0 5 81463434 5 0 11.31
0 5 37912085 4 0 32.3
0 5 92323333 4 0 13.3899
0 6 86213234 5 0 15.48
0 6 86213411 4 0 29.2252
0 6 84599791 4 0 8.8146
0 6 83303250 4 0 11.2567
0 6 41586273 5 0 13.3132
0 6 83746239 4 0 17.7457
0 6 86213415 5 0 13.39
0 6 83719828 4 0 16.05
0 6 86213330 5 0 13.39
0 7 42917921 5 0 17.5428
0 7 42917480 4 0 14.4886
0 7 16936852 4 0 18.6484
0 7 14138903 4 0 11.2378
0 7 13985228 5 0 11.5948
0 7 14142830 4 0 15.5679
0 7 16938757 4 0 14.4524
0 7 42918005 4 0 10.9562
0 7 14017216 4 0 10.7899
0 7 42919109 4 0 12.7841
0 7 825543 4 0 10.79
0 8 22188086 4 0 16.05
0 8 31436499 5 0 33.3898
0 8 31436402 4 0 8.2135
0 8 39176963 5 0 11.5793
0 8 22186501 4 0 13.0835
0 8 31434139 5 0 21.5799
0 8 22188082 5 0 13.39
0 8 31436498 5 0 11.0352
0 8 21394582 5 0 14.8618
0 9 77612603 4 0 10.7321
0 9 88110332 4 0 17.3806
0 9 145805189 4 0 29.2663
0 9 145805190 5 0 47.339
0 9 145959371 5 0 8.12188
0 9 102388110 5 0 18.9676
0 9 102142031 4 0 16.05
0 9 102189110 5 0 68.0249
0 9 145810304 4 0 10.3673
0 9 102380727 5 0 10.2115
0 9 12438989 5 0 16.6345
0 9 145805076 4 0 24.18
0 9 12438986 4 0 15.343
0 9 102374950 5 0 10.0695
0 9 12832677 5 0 10.7901
0 9 102141027 5 0 13.39
0 9 102388109 5 0 19.0862
0 9 88110331 4 0 16.0501
0 10 131423126 4 0 16.0499
0 10 117269245 5 0 18.0336
0 10 117268989 4 0 51.8695
0 10 117268990 4 0 33.4691
0 10 113314641 5 0 16.05
0 10 113315522 4 0 12.3962
0 10 81911733 5 0 13.0988
0 10 117267981 5 0 13.39
0 10 79871422 5 0 8.17
0 10 79872922 5 0 9.8985
0 11 21169723 4 0 8.17
0 11 55945149 5 0 15.5095
0 11 21163504 4 0 16.0501
0 11 31989919 5 0 12.91
0 11 31990047 4 0 17.501
0 11 55945769 4 0 16.0499
0 12 36652762 5 0 10.13
0 13 96979875 5 0 32.3001
0 13 96978097 5 0 16.05
0 13 96978150 4 0 12.4355
0 13 80768598 5 0 14.4917
0 13 80768489 5 0 11.535
0 14 51492067 4 0 9.22384
0 14 51491147 5 0 18.9308
0 14 117469459 5 0 10.3917
0 14 49817340 5 0 13.39
0 14 51487807 5 0 15.2383
0 14 51491786 4 0 12.2547
0 14 51492144 5 0 14.7427
0 14 51492146 4 0 10.7979
0 14 51491037 4 0 17.4141
0 14 51491787 4 0 10.79
0 14 51490952 4 0 32.3
0 14 51490819 4 0 34.9238
0 14 45535643 4 0 10.13
0 14 45534689 4 0 16.05
0 14 49865151 4 0 10.7899
0 14 51491038 4 0 8.17
0 14 45534690 4 0 13.39
0 14 51489961 4 0 9.0721
0 14 49864771 5 0 11.0308
0 14 117284581 4 0 9.8932
0 14 45531324 4 0 17.729
0 14 51491037 5 0 13.4026
0 14 51491038 5 0 16.05
0 15 65861553 4 0 14.5
0 15 65861555 5 0 43.09
0 15 51494941 4 0 8.17
0 16 46172299 5 0 13.39
0 16 46172296 5 0 30.7739
0 16 16379543 5 0 16.079
0 16 46172297 5 0 26.909
0 16 46171093 4 0 12.0356
0 16 46172384 5 0 20.2663
0 16 45955051 5 0 13.3487
0 16 46169216 4 0 14.5
0 16 46172389 5 0 13.3851
0 16 16381707 5 0 10.4401
0 16 16379705 5 0 8.17
0 17 247652365 5 0 11.0504
0 17 133467160 4 0 43.5051
0 17 133467162 4 0 18.0354
0 17 133573188 4 0 8.17
0 17 133656944 5 0 12.9925
0 17 247653225 5 0 20.1068
0 17 247653061 5 0 12.6114
0 17 254406724 5 0 17.5046
0 17 133572449 5 0 10.79
0 17 247653230 5 0 32.3001
0 17 247653226 5 0 24.3914
0 17 133427884 4 0 18.1269
0 17 254406729 5 0 11.0559
0 17 133572450 5 0 21.1645
0 17 133658136 5 0 20.6397
0 17 133427803 5 0 10.7899
0 17 133427883 4 0 10.79
0 17 133427808 4 0 8.17
0 17 133427888 5 0 10.79
0 17 254405757 4 0 16.05
0 17 247653227 4 0 10.79
0 17 247206304 5 0 16.9948
0 18 205097604 5 0 26.8321
0 18 197647363 5 0 12.6607
0 18 197647862 4 0 14.8528
0 18 186100258 4 0 16.8247
0 18 219710897 4 0 10.8174
0 18 100355033 4 0 16.05
0 18 205098568 5 0 14.5864
0 18 51139288 4 0 8.28974
0 18 197644991 5 0 12.709
0 18 124269733 5 0 8.62155
0 18 51148151 4 0 30.6082
0 18 124266649 5 0 34.9812
0 18 186100261 5 0 13.0008
0 18 197643973 5 0 10.517
0 18 205097601 4 0 17.3777
0 18 186100260 4 0 28.3732
0 18 205097591 5 0 11.7356
0 18 205098566 4 0 10.79
0 18 186100700 4 0 10.1249
0 18 205098496 4 0 14.5
0 18 219709921 4 0 14.5
0 18 100355031 5 0 12.91
0 19 20474267 5 0 19.5639
0 19 41996733 4 0 7.53801
0 19 2708836 5 0 32.2154
0 19 2708933 5 0 47.0597
0 19 2708839 4 0 51.1131
0 19 20686841 5 0 9.83315
0 19 30339929 5 0 9.45402
0 20 34478473 4 0 10.7901
0 20 34482085 4 0 16.5425
0 20 703565 5 0 9.24061
0 20 15251218 5 0 8.17
0 20 15251123 4 0 16.05
0 20 34482040 5 0 11.3182
0 20 30387685 4 0 10.79
0 20 34480562 5 0 13.3901
0 21 104035917 4 0 10.7955
0 21 110942844 4 0 37.0577
0 21 88561653 4 0 12.3787
0 21 104034843 5 0 8.36856
0 21 113054392 4 0 12.2167
0 21 99070628 4 0 11.8975
0 21 113070072 5 0 16.05
0 22 81345203 4 0 13.3902
0 22 53203052 4 0 10.13
0 22 81345151 5 0 37.9818
0 22 27804639 4 0 42.4609
0 22 107604957 4 0 11.2676
0 22 72289337 5 0 15.7277
0 22 53201611 5 0 18.1973
0 22 74856273 4 0 10.2335
0 22 28142072 5 0 7.52517
0 22 70739834 4 0 8.77497
0 22 27804643 5 0 28.3047
0 22 24597446 4 0 11.4675
0 22 80015816 4 0 13.3901
0 23 86351654 4 0 16.041
0 23 118122206 4 0 51.1392
0 23 175040414 5 0 8.50122
0 23 118337894 4 0 11.9384
0 23 118121097 4 0 17.0666
0 23 152364650 5 0 24.5358
0 23 118122201 5 0 18.2491
0 23 175425022 5 0 10.13
0 23 118318930 5 0 11.2251
0 23 118336103 5 0 10.13
0 23 16978212 5 0 11.9795
0 23 118122284 4 0 12.8887
0 23 121467671 5 0 14.7847
0 23 151778030 5 0 8.17
0 24 113120810 5 0 11.8217
0 24 139662785 4 0 8.17
0 24 113121303 5 0 40.6099
0 24 139661554 4 0 16.0501
0 24 113185727 5 0 21.5798
0 24 24233541 4 0 17.5916
0 24 113121304 5 0 22.4487
0 24 25735982 5 0 24.18
0 24 24163147 4 0 9.13436
0 24 6560039 5 0 10.79
0 24 139662677 4 0 16.05
0 24 113121369 4 0 16.8995
0 24 139661556 4 0 12.5768
0 24 6561098 4 0 17.181
0 24 113122344 5 0 20.2671
0 24 24234452 5 0 30.605
0 24 5346389 4 0 14.4001
0 24 24238561 5 0 32.3001
0 24 139700994 4 0 14.5
0 24 24233528 4 0 13.39
0 24 72653120 4 0 19.03
0 24 25735255 4 0 9.21231
0 24 139661849 4 0 9.441
0 25 139626512 5 0 13.709
0 25 74523742 4 0 18.8346
0 25 72737016 4 0 16.0383
0 25 74524835 4 0 539
0 25 111752635 5 0 28.8242
0 25 4010004 5 0 56.9182
0 25 55180786 4 0 14.7484
0 25 72733326 5 0 9.11204
0 25 4005185 5 0 13.6255
0 25 74524838 5 0 10.967
0 25 74524740 5 0 12.8652
0 25 55180823 4 0 13.7776
0 25 37511209 4 0 7.79151
0 26 95420225 4 0 18.2255
0 26 94570279 5 0 13.39
0 26 78189096 5 0 11.6332
0 26 95420140 4 0 10.79
0 26 95420145 4 0 21.4605
0 26 95420141 5 0 13.3901
0 27 52934046 5 0 20.4613
0 27 37191292 4 0 9.93043
0 27 114989969 5 0 14.9109
0 27 52933905 4 0 13.39
0 27 52932094 5 0 10.13
0 27 52930195 5 0 7.90317
0 27 37018655 5 0 7.94382
0 27 29669610 5 0 10.13
0 28 99868231 4 0 15.4866
0 28 75691140 5 0 34.3996
0 28 75690949 4 0 39.4815
0 28 75691147 4 0 11.4141
0 28 100226375 5 0 10.7901
0 28 75691159 4 0 27.7588
0 28 75692117 5 0 28.7917
0 28 99869756 4 0 16.05
0 28 75690948 4 0 8.17
0 28 100225560 5 0 42.1798
0 28 111446366 4 0 13.3899
0 28 75692118 5 0 49.636
0 28 99869750 4 0 16.05
0 28 75690963 5 0 12.1471
0 28 99868232 4 0 11.0567
0 28 75691167 5 0 15.3245
0 28 75691161 5 0 16.05
0 28 75688982 5 0 8.12019
0 28 111445024 5 0 10.3821
0 28 111446280 4 0 34.6372
0 28 100225643 5 0 16.05
0 29 63672131 4 0 41.6832
0 29 63673046 4 0 11.0563
0 29 104888483 5 0 8.16934
0 29 63672280 5 0 10.7254
0 29 63672110 5 0 18.3018
0 30 119892052 5 0 20.4692
0 30 15671747 4 0 12.7829
0 30 60157663 5 0 9.8577
0 30 73075865 4 0 13.39
0 30 73075774 5 0 16.05
0 30 73075878 5 0 34.2626
0 30 119893138 4 0 10.3379
0 30 119891728 4 0 12.91
0 31 58018658 4 0 8.72017
0 31 59095529 5 0 12.4068
0 31 59109852 4 0 11.9672
0 31 93734681 5 0 21.58
0 31 67655439 5 0 17.7258
0 31 93734692 4 0 21.58
0 31 105619431 5 0 16.9756
0 31 59096475 4 0 8.74617
0 31 59095610 4 0 13.39
0 31 105620117 5 0 14.5
0 31 59095607 5 0 14.8537
0 31 59095524 5 0 20.6275
0 31 85344084 4 0 7.86117
0 31 93734662 4 0 16.3831
0 31 93734675 5 0 27.47
0 31 67654207 4 0 13.8003
0 31 93736094 4 0 15.6686
0 31 93734693 5 0 13.3899
0 32 111408645 4 0 16.2027
0 32 43843247 5 0 14.5
0 32 74023342 4 0 12.8925
0 32 191565908 4 0 14.6511
0 32 74023185 4 0 29.44
0 32 43840781 5 0 29.3535
0 32 82467314 5 0 35.3804
0 32 74023107 4 0 16.9788
0 32 43844191 5 0 11.0355
0 32 43844322 4 0 16.9838
0 32 74023183 5 0 15.7323
0 32 43928230 5 0 10.2696
0 32 82467313 5 0 32.3001
0 32 223300709 4 0 16.0499
0 33 225328939 5 0 24.1125
0 33 225328947 4 0 13.9878
0 33 180254278 4 0 13.39
0 33 180254192 5 0 78.7746
0 33 180254284 5 0 14.9048
0 33 187962408 4 0 27.511
0 33 187962409 4 0 24.3375
0 33 187962407 4 0 21.1728
0 33 47020010 5 0 14.2139
0 33 225328942 4 0 12.5969
0 33 187962317 4 0 29.44
0 33 180254277 4 0 16.05
0 34 55539931 4 0 27.4585
0 34 66577589 5 0 8.76488
0 34 102100495 5 0 14.8882
0 34 37205354 4 0 8.69837
0 34 102100493 5 0 32.4966
0 34 102100573 5 0 10.79
0 34 66613149 5 0 12.2045
0 34 37205331 5 0 14.1448
0 34 131685528 4 0 10.7898
0 34 66569289 5 0 10.79
0 35 195588143 5 0 15.7203
0 35 195583498 4 0 10.3058
0 35 195584436 4 0 10.79
0 36 34855833 4 0 15.9393
0 36 22916105 5 0 32.3
0 36 34857903 5 0 13.3388
0 36 34855835 5 0 32.3001
0 36 34855832 4 0 17.257
0 36 22899527 4 0 7.97188
0 38 55897332 4 0 10.7901
0 38 55896376 5 0 12.91
0 38 31743010 5 0 9.62848
0 39 36950234 4 0 14.5
0 39 160852657 4 0 8.6834
0 39 62928861 5 0 20.3435
0 39 62928978 4 0 14.4006
0 39 62928859 4 0 13.3901
0 40 40653864 5 0 33.1143
0 40 126885090 4 0 24.1802
0 40 126885172 5 0 13.3899
0 41 75690553 5 0 19.8204
0 41 58874697 5 0 12.0419
0 41 59003006 4 0 15.6338
0 41 59001922 4 0 7.94408
0 41 75690473 4 0 20.2654
0 42 193164051 5 0 16.5061
0 42 194973815 4 0 10.1179
0 42 194993568 5 0 16.4934
0 42 193167100 5 0 16.832
0 42 193161032 4 0 43.1267
0 42 141351387 5 0 32.2999
0 42 28550920 5 0 18.1826
0 42 127218430 4 0 28.96
0 42 195165066 4 0 12.6958
0 42 28550908 5 0 18.1309
0 42 194858733 4 0 8.90262
0 42 141351384 5 0 12.91
0 42 194993563 4 0 17.1318
0 42 141351384 4 0 13.39
0 42 28550917 5 0 24.8595
0 42 28550914 4 0 10.13
0 42 194859008 5 0 10.79
0 43 197900105 5 0 18.3716
0 43 197900112 5 0 26.384
0 44 30664117 5 0 14.7156
0 44 30286313 4 0 10.7899
0 45 69223768 4 0 14.5
0 45 69224657 4 0 12.91
0 45 69221287 5 0 12.4431
0 46 70419397 5 0 31.4221
0 46 70417409 5 0 50.179
0 46 70416358 5 0 12.9383
0 46 70415206 5 0 14.0995
0 46 70415207 5 0 16.0074
0 46 70419089 4 0 15.38
0 46 22309104 4 0 11.299
0 46 6787499 5 0 17.0215
0 46 70418477 4 0 8.5702
0 46 70415096 5 0 11.0392
0 47 66980685 5 0 32.3
0 47 54675664 5 0 8.40966
0 47 44257901 5 0 16.7258
0 47 108375304 5 0 14.5904
0 47 108375297 5 0 17.2147
0 47 66897529 4 0 32.2999
0 47 44119017 4 0 32.3
0 48 57105725 5 0 7.77175
0 48 116734667 4 0 10.4703
0 48 60618682 5 0 14.2687
0 48 57104577 4 0 7.83336
0 48 70713847 5 0 15.7689
0 48 60650344 4 0 14.0454
0 48 60617967 4 0 7.86726
0 48 70713866 5 0 11.2717
0 48 116734783 5 0 13.9375
0 48 70713846 4 0 15.5822
0 48 60648918 4 0 15.1643
0 48 70842730 4 0 11.7311
0 48 57104562 4 0 21.8821
0 48 70711290 4 0 13.39
0 48 70713059 4 0 9.47784
0 48 116734777 5 0 14.5
0 48 116734893 4 0 14.6016
1 1 33641272 5 1 1
1 1 26596708 4 1 1
1 2 4079786 4 1 1
1 2 22501159 5 1 1
1 2 23250285 4 1 1
1 3 35670957 5 1 1
1 4 28187230 4 1 1
1 4 28498968 5 1 1
1 5 81682884 5 1 1
1 5 15321939 5 1 1
1 6 67576921 5 1 1
1 6 84445181 5 1 1
1 6 67583537 4 1 1
1 6 83777785 5 1 1
1 6 68780812 4 1 1
1 7 14002071 5 1 1
1 7 14041521 4 1 1
1 7 16940308 4 1 1
1 9 85242177 4 1 1
1 9 12663056 5 1 1
1 10 136282386 4 1 1
1 10 79651571 4 1 1
1 10 79047433 4 1 1
1 11 51609150 5 1 1
1 12 82003607 5 1 1
1 12 4259360 4 1 1
1 14 50447013 5 1 1
1 14 49556589 4 1 1
1 14 49837494 4 1 1
1 14 45531763 4 1 1
1 15 53045091 4 1 1
1 15 53107890 4 1 1
1 16 10619226 5 1 1
1 16 45969192 4 1 1
1 17 133661000 4 1 1
1 18 51272824 4 1 1
1 18 262134399 4 1 1
1 19 28622352 4 1 1
1 19 31234408 4 1 1
1 20 865732 5 1 1
1 20 37412592 5 1 1
1 20 29751235 5 1 1
1 21 110915451 4 1 1
1 21 102330817 5 1 1
1 21 110935114 5 1 1
1 22 70578391 4 1 1
1 22 2018857 4 1 1
1 22 80012948 5 1 1
1 23 127746609 4 1 1
1 23 118249426 4 1 1
1 23 24402284 5 1 1
1 24 53973403 5 1 1
1 24 31605585 5 1 1
1 24 139556470 5 1 1
1 24 55393619 4 1 1
1 24 6568704 4 1 1
1 24 125135912 4 1 1
1 24 140700858 4 1 1
1 27 55095335 5 1 1
1 27 52875205 4 1 1
1 27 36752269 4 1 1
1 28 18546576 4 1 1
1 28 141756112 5 1 1
1 28 19823270 5 1 1
1 28 27512437 4 1 1
1 28 75711684 5 1 1
1 29 104604114 4 1 1
1 30 73065158 5 1 1
1 30 119883565 4 1 1
1 31 28225949 4 1 1
1 31 28268660 4 1 1
1 32 44064809 5 1 1
1 32 157249265 5 1 1
1 33 159672320 4 1 1
1 33 209895875 4 1 1
1 34 139623804 5 1 1
1 34 37135832 4 1 1
1 34 60794851 5 1 1
1 34 140640361 4 1 1
1 35 84859661 5 1 1
1 35 64416636 4 1 1
1 35 125385451 4 1 1
1 35 196525954 4 1 1
1 35 65719431 5 1 1
1 35 125294065 5 1 1
1 35 10597592 5 1 1
1 36 22970625 4 1 1
1 36 34552978 5 1 1
1 37 389112 4 1 1
1 37 4004727 5 1 1
1 39 6079560 5 1 1
1 39 149829253 4 1 1
1 39 6461868 4 1 1
1 39 160897981 4 1 1
1 39 19479422 5 1 1
1 40 40658982 4 1 1
1 40 28192848 5 1 1
1 40 34676340 4 1 1
1 41 113002901 4 1 1
1 41 139653685 5 1 1
1 41 75798986 4 1 1
1 42 28149656 4 1 1
1 42 141441335 5 1 1
1 42 28238778 5 1 1
1 42 195157235 5 1 1
1 42 1444134 5 1 1
1 42 107641150 4 1 1
1 43 24388002 4 1 1
1 43 197954749 4 1 1
1 45 69779069 5 1 1
1 46 70454395 4 1 1
1 46 6781081 4 1 1
1 46 70474602 5 1 1
1 46 84250549 4 1 1
1 46 83453319 5 1 1
1 47 55037181 5 1 1
1 47 108791528 4 1 1
1 47 72425940 4 1 1
1 48 24774383 4 1 1
